10 9
20 16
30 21
40 26
50 31
60 36
70 41
80 46
90 51
100 56
110 61
120 67
130 76
140 84
150 93
160 101
170 108
180 116
190 123
200 130
210 137
220 144
230 150
240 156
250 163
260 171
270 176
280 182
290 185
300 189
310 192
320 198
330 201
340 206
350 213
360 216
370 223
380 229
390 234
400 238
410 241
420 243
430 248
440 255
450 261
460 265
470 269
480 274
490 279
500 280
510 284
520 287
530 292
540 299
550 302
560 305
570 308
580 311
590 316
600 320
610 326
620 331
630 335
640 340
650 346
660 349
670 355
680 359
690 361
700 362
710 366
720 370
730 372
740 377
750 378
760 382
770 386
780 389
790 392
800 395
810 399
820 402
830 406
840 409
850 413
860 416
870 423
880 425
890 429
900 431
910 434
920 438
930 443
940 447
950 451
960 456
970 461
980 467
990 472
1000 475
1010 478
1020 482
1030 486
1040 490
1050 495
1060 499
1070 503
1080 507
1090 513
1100 519
1110 523
1120 530
1130 534
1140 535
1150 540
1160 545
1170 548
1180 550
1190 553
1200 554
1210 557
1220 563
1230 567
1240 570
1250 573
1260 575
1270 581
1280 584
1290 585
1300 589
1310 592
1320 593
1330 594
1340 597
1350 602
1360 602
1370 606
1380 608
1390 610
1400 614
1410 617
1420 622
1430 625
1440 631
1450 631
1460 633
1470 635
1480 636
1490 637
1500 641
1510 642
1520 644
1530 648
1540 651
1550 651
1560 655
1570 659
1580 662
1590 664
1600 666
1610 668
1620 673
1630 676
1640 677
1650 677
1660 678
1670 678
1680 678
1690 678
1700 679
1710 681
1720 682
1730 683
1740 684
1750 684
1760 685
1770 687
1780 687
1790 688
1800 691
1810 693
1820 694
1830 695
1840 697
1850 698
1860 699
1870 701
1880 704
1890 706
1900 710
1910 712
1920 715
1930 718
1940 722
1950 725
1960 726
1970 728
1980 729
1990 732
2000 735
2010 738
2020 740
2030 742
2040 744
2050 746
2060 750
2070 751
2080 753
2090 755
2100 757
2110 759
2120 760
2130 762
2140 764
2150 768
2160 772
2170 773
2180 775
2190 777
2200 778
2210 778
2220 779
2230 782
2240 784
2250 787
2260 788
2270 788
2280 790
2290 792
2300 794
2310 795
2320 797
2330 799
2340 801
2350 802
2360 803
2370 805
2380 806
2390 807
2400 807
2410 808
2420 811
2430 814
2440 816
2450 818
2460 818
2470 821
2480 824
2490 827
2500 827
2510 832
2520 832
2530 832
2540 832
2550 833
2560 833
2570 836
2580 839
2590 841
2600 843
2610 845
2620 849
2630 852
2640 855
2650 861
2660 864
2670 867
2680 870
2690 870
2700 873
2710 874
2720 877
2730 878
2740 881
2750 883
2760 886
2770 889
2780 891
2790 895
2800 895
2810 896
2820 900
2830 900
2840 902
2850 904
2860 905
2870 908
2880 910
2890 911
2900 915
2910 917
2920 920
2930 923
2940 926
2950 929
2960 930
2970 931
2980 934
2990 935
3000 939
3010 941
3020 942
3030 943
3040 945
3050 946
3060 948
3070 950
3080 953
3090 956
3100 956
3110 961
3120 962
3130 963
3140 965
3150 967
3160 970
3170 971
3180 973
3190 975
3200 975
3210 975
3220 979
3230 980
3240 983
3250 987
3260 991
3270 993
3280 996
3290 998
3300 998
3310 1000
3320 1003
3330 1005
3340 1006
3350 1008
3360 1010
3370 1012
3380 1014
3390 1015
3400 1017
3410 1019
3420 1019
3430 1020
3440 1022
3450 1026
3460 1030
3470 1033
3480 1035
3490 1038
3500 1041
3510 1042
3520 1045
3530 1049
3540 1051
3550 1054
3560 1055
3570 1058
3580 1063
3590 1066
3600 1068
3610 1069
3620 1070
3630 1071
3640 1071
3650 1071
3660 1072
3670 1073
3680 1075
3690 1076
3700 1077
3710 1079
3720 1079
3730 1080
3740 1081
3750 1083
3760 1084
3770 1086
3780 1088
3790 1091
3800 1092
3810 1093
3820 1095
3830 1098
3840 1099
3850 1099
3860 1100
3870 1101
3880 1102
3890 1103
3900 1104
3910 1105
3920 1106
3930 1109
3940 1109
3950 1110
3960 1114
3970 1117
3980 1119
3990 1119
4000 1123
4010 1125
4020 1126
4030 1126
4040 1128
4050 1129
4060 1130
4070 1132
4080 1135
4090 1138
4100 1145
4110 1146
4120 1146
4130 1148
4140 1151
4150 1151
4160 1151
4170 1151
4180 1152
4190 1154
4200 1158
4210 1161
4220 1163
4230 1165
4240 1167
4250 1170
4260 1172
4270 1173
4280 1175
4290 1178
4300 1180
4310 1182
4320 1182
4330 1184
4340 1186
4350 1188
4360 1188
4370 1190
4380 1192
4390 1193
4400 1194
4410 1194
4420 1194
4430 1196
4440 1197
4450 1198
4460 1198
4470 1200
4480 1201
4490 1202
4500 1204
4510 1205
4520 1208
4530 1210
4540 1211
4550 1212
4560 1212
4570 1215
4580 1215
4590 1218
4600 1222
4610 1225
4620 1225
4630 1226
4640 1228
4650 1229
4660 1229
4670 1232
4680 1234
4690 1235
4700 1236
4710 1237
4720 1240
4730 1240
4740 1242
4750 1244
4760 1245
4770 1248
4780 1252
4790 1256
4800 1259
4810 1263
4820 1264
4830 1264
4840 1264
4850 1266
4860 1268
4870 1269
4880 1270
4890 1273
4900 1278
4910 1279
4920 1281
4930 1284
4940 1284
4950 1287
4960 1288
4970 1289
4980 1293
4990 1295
5000 1295
5010 1295
5020 1297
5030 1299
5040 1300
5050 1301
5060 1302
5070 1303
5080 1305
5090 1308
5100 1309
5110 1311
5120 1311
5130 1312
5140 1312
5150 1314
5160 1316
5170 1317
5180 1319
5190 1319
5200 1320
5210 1320
5220 1321
5230 1321
5240 1321
5250 1323
5260 1326
5270 1326
5280 1328
5290 1331
5300 1331
5310 1331
5320 1333
5330 1335
5340 1340
5350 1344
5360 1345
5370 1345
5380 1347
5390 1350
5400 1352
5410 1355
5420 1355
5430 1355
5440 1357
5450 1357
5460 1357
5470 1360
5480 1361
5490 1361
5500 1363
5510 1366
5520 1367
5530 1369
5540 1371
5550 1372
5560 1374
5570 1374
5580 1375
5590 1376
5600 1377
5610 1380
5620 1382
5630 1384
5640 1386
5650 1387
5660 1387
5670 1388
5680 1392
5690 1393
5700 1394
5710 1395
5720 1396
5730 1396
5740 1398
5750 1401
5760 1405
5770 1405
5780 1407
5790 1410
5800 1410
5810 1412
5820 1415
5830 1417
5840 1420
5850 1424
5860 1428
5870 1432
5880 1439
5890 1442
5900 1447
5910 1452
5920 1454
5930 1455
5940 1457
5950 1457
5960 1459
5970 1460
5980 1462
5990 1463
6000 1465
6010 1466
6020 1468
6030 1469
6040 1471
6050 1471
6060 1473
6070 1475
6080 1475
6090 1477
6100 1479
6110 1480
6120 1480
6130 1482
6140 1483
6150 1485
6160 1487
6170 1487
6180 1489
6190 1491
6200 1491
6210 1491
6220 1492
6230 1494
6240 1494
6250 1497
6260 1499
6270 1501
6280 1501
6290 1501
6300 1502
6310 1505
6320 1505
6330 1506
6340 1507
6350 1509
6360 1510
6370 1511
6380 1513
6390 1516
6400 1519
6410 1520
6420 1522
6430 1522
6440 1524
6450 1524
6460 1524
6470 1525
6480 1527
6490 1528
6500 1529
6510 1531
6520 1534
6530 1535
6540 1536
6550 1538
6560 1538
6570 1540
6580 1543
6590 1544
6600 1545
6610 1546
6620 1547
6630 1547
6640 1548
6650 1550
6660 1551
6670 1551
6680 1553
6690 1555
6700 1556
6710 1557
6720 1557
6730 1557
6740 1560
6750 1563
6760 1565
6770 1567
6780 1569
6790 1570
6800 1573
6810 1574
6820 1576
6830 1578
6840 1578
6850 1578
6860 1580
6870 1584
6880 1588
6890 1590
6900 1590
6910 1592
6920 1594
6930 1595
6940 1596
6950 1598
6960 1599
6970 1599
6980 1602
6990 1603
7000 1605
7010 1605
7020 1605
7030 1607
7040 1607
7050 1607
7060 1609
7070 1609
7080 1611
7090 1612
7100 1612
7110 1613
7120 1614
7130 1616
7140 1619
7150 1622
7160 1624
7170 1624
7180 1625
7190 1625
7200 1626
7210 1626
7220 1630
7230 1631
7240 1631
7250 1632
7260 1635
7270 1635
7280 1635
7290 1638
7300 1640
7310 1641
7320 1644
7330 1646
7340 1651
7350 1653
7360 1656
7370 1657
7380 1660
7390 1661
7400 1663
7410 1663
7420 1664
7430 1665
7440 1667
7450 1668
7460 1669
7470 1671
7480 1673
7490 1676
7500 1678
7510 1679
7520 1680
7530 1682
7540 1683
7550 1684
7560 1686
7570 1688
7580 1693
7590 1693
7600 1694
7610 1695
7620 1696
7630 1698
7640 1699
7650 1699
7660 1699
7670 1699
7680 1699
7690 1701
7700 1701
7710 1703
7720 1704
7730 1707
7740 1708
7750 1708
7760 1712
7770 1713
7780 1714
7790 1717
7800 1717
7810 1718
7820 1722
7830 1723
7840 1724
7850 1724
7860 1726
7870 1730
7880 1731
7890 1733
7900 1733
7910 1733
7920 1734
7930 1735
7940 1736
7950 1736
7960 1737
7970 1737
7980 1737
7990 1739
8000 1740
8010 1742
8020 1743
8030 1745
8040 1745
8050 1747
8060 1748
8070 1748
8080 1749
8090 1750
8100 1754
8110 1757
8120 1762
8130 1764
8140 1766
8150 1769
8160 1771
8170 1772
8180 1772
8190 1773
8200 1775
8210 1777
8220 1777
8230 1779
8240 1780
8250 1780
8260 1780
8270 1780
8280 1783
8290 1783
8300 1784
8310 1786
8320 1788
8330 1788
8340 1789
8350 1790
8360 1792
8370 1795
8380 1796
8390 1797
8400 1798
8410 1798
8420 1798
8430 1798
8440 1801
8450 1802
8460 1804
8470 1804
8480 1805
8490 1805
8500 1807
8510 1809
8520 1810
8530 1811
8540 1813
8550 1815
8560 1817
8570 1817
8580 1821
8590 1823
8600 1825
8610 1830
8620 1833
8630 1834
8640 1836
8650 1837
8660 1840
8670 1844
8680 1846
8690 1846
8700 1846
8710 1848
8720 1849
8730 1851
8740 1854
8750 1855
8760 1858
8770 1859
8780 1860
8790 1862
8800 1866
8810 1868
8820 1870
8830 1871
8840 1873
8850 1874
8860 1875
8870 1875
8880 1875
8890 1876
8900 1879
8910 1881
8920 1884
8930 1885
8940 1886
8950 1887
8960 1889
8970 1891
8980 1891
8990 1893
9000 1894
9010 1894
9020 1896
9030 1898
9040 1901
9050 1902
9060 1903
9070 1905
9080 1906
9090 1907
9100 1909
9110 1910
9120 1912
9130 1914
9140 1914
9150 1916
9160 1919
9170 1921
9180 1922
9190 1923
9200 1923
9210 1925
9220 1925
9230 1926
9240 1927
9250 1931
9260 1932
9270 1933
9280 1935
9290 1936
9300 1939
9310 1941
9320 1942
9330 1942
9340 1942
9350 1943
9360 1943
9370 1944
9380 1944
9390 1945
9400 1946
9410 1946
9420 1948
9430 1948
9440 1949
9450 1949
9460 1949
9470 1950
9480 1951
9490 1952
9500 1956
9510 1957
9520 1958
9530 1958
9540 1960
9550 1960
9560 1961
9570 1961
9580 1964
9590 1965
9600 1970
9610 1973
9620 1975
9630 1976
9640 1976
9650 1977
9660 1977
9670 1979
9680 1980
9690 1980
9700 1982
9710 1982
9720 1982
9730 1985
9740 1987
9750 1988
9760 1990
9770 1993
9780 1997
9790 1999
9800 2000
9810 2001
9820 2001
9830 2002
9840 2004
9850 2006
9860 2007
9870 2008
9880 2008
9890 2009
9900 2010
9910 2012
9920 2014
9930 2014
9940 2015
9950 2016
9960 2017
9970 2018
9980 2021
9990 2023
10000 2025
10010 2025
10020 2025
10030 2027
10040 2027
10050 2029
10060 2030
10070 2032
10080 2034
10090 2034
10100 2035
10110 2035
10120 2036
10130 2038
10140 2039
10150 2041
10160 2041
10170 2041
10180 2043
10190 2045
10200 2046
10210 2046
10220 2047
10230 2047
10240 2048
10250 2049
10260 2049
10270 2049
10280 2050
10290 2051
10300 2052
10310 2052
10320 2052
10330 2054
10340 2055
10350 2055
10360 2055
10370 2057
10380 2059
10390 2059
10400 2061
10410 2062
10420 2065
10430 2067
10440 2067
10450 2068
10460 2070
10470 2072
10480 2073
10490 2074
10500 2075
10510 2077
10520 2077
10530 2078
10540 2079
10550 2080
10560 2081
10570 2082
10580 2083
10590 2084
10600 2084
10610 2086
10620 2087
10630 2091
10640 2093
10650 2094
10660 2095
10670 2096
10680 2096
10690 2097
10700 2097
10710 2099
10720 2099
10730 2102
10740 2102
10750 2103
10760 2104
10770 2105
10780 2105
10790 2108
10800 2109
10810 2109
10820 2109
10830 2109
10840 2111
10850 2113
10860 2118
10870 2118
10880 2119
10890 2121
10900 2124
10910 2125
10920 2125
10930 2125
10940 2125
10950 2126
10960 2127
10970 2128
10980 2129
10990 2130
11000 2131
11010 2132
11020 2132
11030 2136
11040 2137
11050 2140
11060 2141
11070 2145
11080 2146
11090 2147
11100 2147
11110 2148
11120 2149
11130 2150
11140 2150
11150 2150
11160 2152
11170 2153
11180 2154
11190 2155
11200 2157
11210 2159
11220 2159
11230 2160
11240 2162
11250 2163
11260 2167
11270 2169
11280 2172
11290 2172
11300 2172
11310 2172
11320 2174
11330 2175
11340 2177
11350 2177
11360 2178
11370 2179
11380 2180
11390 2181
11400 2182
11410 2182
11420 2183
11430 2183
11440 2183
11450 2183
11460 2184
11470 2184
11480 2186
11490 2187
11500 2188
11510 2189
11520 2189
11530 2189
11540 2189
11550 2189
11560 2190
11570 2190
11580 2191
11590 2191
11600 2191
11610 2191
11620 2191
11630 2192
11640 2193
11650 2193
11660 2193
11670 2194
11680 2194
11690 2195
11700 2195
11710 2195
11720 2195
11730 2196
11740 2197
11750 2198
11760 2198
11770 2199
11780 2200
11790 2200
11800 2200
11810 2201
11820 2202
11830 2203
11840 2204
11850 2204
11860 2205
11870 2205
11880 2205
11890 2207
11900 2209
11910 2209
11920 2211
11930 2212
11940 2212
11950 2214
11960 2215
11970 2215
11980 2216
11990 2216
12000 2217
12010 2219
12020 2220
12030 2221
12040 2224
12050 2226
12060 2226
12070 2226
12080 2228
12090 2228
12100 2228
12110 2228
12120 2228
12130 2229
12140 2230
12150 2232
12160 2232
12170 2232
12180 2232
12190 2234
12200 2234
12210 2236
12220 2237
12230 2238
12240 2238
12250 2240
12260 2242
12270 2244
12280 2244
12290 2245
12300 2245
12310 2246
12320 2246
12330 2246
12340 2246
12350 2247
12360 2248
12370 2248
12380 2250
12390 2250
12400 2250
12410 2252
12420 2252
12430 2253
12440 2255
12450 2255
12460 2256
12470 2257
12480 2258
12490 2258
12500 2260
12510 2260
12520 2261
12530 2261
12540 2261
12550 2261
12560 2264
12570 2265
12580 2266
12590 2267
12600 2267
12610 2267
12620 2267
12630 2268
12640 2268
12650 2268
12660 2268
12670 2268
12680 2268
12690 2268
12700 2270
12710 2270
12720 2272
12730 2273
12740 2273
12750 2275
12760 2275
12770 2276
12780 2278
12790 2280
12800 2281
12810 2285
12820 2288
12830 2290
12840 2292
12850 2293
12860 2293
12870 2293
12880 2293
12890 2293
12900 2293
12910 2293
12920 2293
12930 2295
12940 2297
12950 2298
12960 2298
12970 2298
12980 2299
12990 2300
13000 2300
13010 2301
13020 2303
13030 2303
13040 2304
13050 2305
13060 2307
13070 2307
13080 2308
13090 2309
13100 2309
13110 2310
13120 2313
13130 2315
13140 2315
13150 2315
13160 2316
13170 2318
13180 2319
13190 2319
13200 2319
13210 2320
13220 2321
13230 2322
13240 2324
13250 2324
13260 2324
13270 2326
13280 2328
13290 2328
13300 2329
13310 2331
13320 2332
13330 2333
13340 2333
13350 2334
13360 2334
13370 2335
13380 2335
13390 2335
13400 2335
13410 2336
13420 2337
13430 2338
13440 2339
13450 2340
13460 2340
13470 2340
13480 2340
13490 2340
13500 2340
13510 2340
13520 2341
13530 2341
13540 2341
13550 2342
13560 2344
13570 2345
13580 2346
13590 2346
13600 2346
13610 2346
13620 2346
13630 2346
13640 2347
13650 2347
13660 2347
13670 2347
13680 2348
13690 2349
13700 2349
13710 2349
13720 2349
13730 2349
13740 2351
13750 2351
13760 2352
13770 2352
13780 2352
13790 2353
13800 2353
13810 2354
13820 2354
13830 2354
13840 2354
13850 2354
13860 2355
13870 2355
13880 2356
13890 2357
13900 2357
13910 2357
13920 2357
13930 2357
13940 2357
13950 2358
13960 2358
13970 2358
13980 2360
13990 2363
14000 2364
14010 2365
14020 2366
14030 2366
14040 2366
14050 2366
14060 2367
14070 2368
14080 2368
14090 2369
14100 2369
14110 2369
14120 2370
14130 2371
14140 2371
14150 2372
14160 2373
14170 2373
14180 2373
14190 2374
14200 2374
14210 2374
14220 2375
14230 2376
14240 2378
14250 2378
14260 2379
14270 2379
14280 2379
14290 2379
14300 2380
14310 2380
14320 2380
14330 2380
14340 2381
14350 2381
14360 2381
14370 2381
14380 2382
14390 2382
14400 2382
14410 2384
14420 2385
14430 2387
14440 2387
14450 2387
14460 2387
14470 2387
14480 2387
14490 2387
14500 2387
14510 2387
14520 2388
14530 2390
14540 2390
14550 2390
14560 2390
14570 2390
14580 2391
14590 2391
14600 2391
14610 2391
14620 2391
14630 2391
14640 2391
14650 2391
14660 2393
14670 2393
14680 2393
14690 2394
14700 2394
14710 2395
14720 2397
14730 2399
14740 2399
14750 2399
14760 2399
14770 2400
14780 2402
14790 2402
14800 2403
14810 2405
14820 2405
14830 2406
14840 2407
14850 2407
14860 2409
14870 2409
14880 2409
14890 2410
14900 2411
14910 2413
14920 2413
14930 2413
14940 2415
14950 2415
14960 2416
14970 2417
14980 2417
14990 2417
15000 2417
15010 2417
15020 2418
15030 2420
15040 2421
15050 2421
15060 2421
15070 2421
15080 2423
15090 2423
15100 2423
15110 2424
15120 2425
15130 2425
15140 2425
15150 2425
15160 2425
15170 2425
15180 2426
15190 2429
15200 2430
15210 2431
15220 2431
15230 2432
15240 2433
15250 2433
15260 2433
15270 2433
15280 2433
15290 2433
15300 2433
15310 2433
15320 2433
15330 2433
15340 2434
15350 2436
15360 2436
15370 2436
15380 2436
15390 2436
15400 2436
15410 2438
15420 2439
15430 2439
15440 2441
15450 2441
15460 2442
15470 2442
15480 2444
15490 2446
15500 2447
15510 2448
15520 2448
15530 2449
15540 2453
15550 2453
15560 2454
15570 2454
15580 2455
15590 2456
15600 2456
15610 2456
15620 2457
15630 2457
15640 2457
15650 2457
15660 2458
15670 2458
15680 2458
15690 2458
15700 2459
15710 2459
15720 2460
15730 2460
15740 2461
15750 2462
15760 2462
15770 2462
15780 2462
15790 2463
15800 2463
15810 2463
15820 2463
15830 2463
15840 2463
15850 2463
15860 2463
15870 2464
15880 2465
15890 2466
15900 2466
15910 2466
15920 2467
15930 2468
15940 2468
15950 2470
15960 2470
15970 2470
15980 2473
15990 2474
16000 2474
16010 2474
16020 2475
16030 2475
16040 2475
16050 2476
16060 2478
16070 2479
16080 2479
16090 2479
16100 2479
16110 2479
16120 2479
16130 2479
16140 2479
16150 2479
16160 2479
16170 2479
16180 2479
16190 2479
16200 2479
16210 2479
16220 2479
16230 2480
16240 2480
16250 2482
16260 2483
16270 2483
16280 2483
16290 2483
16300 2485
16310 2486
16320 2486
16330 2487
16340 2489
16350 2489
16360 2489
16370 2490
16380 2490
16390 2490
16400 2490
16410 2492
16420 2493
16430 2494
16440 2495
16450 2495
16460 2496
16470 2496
16480 2496
16490 2496
16500 2496
16510 2497
16520 2498
16530 2498
16540 2498
16550 2498
16560 2498
16570 2498
16580 2498
16590 2498
16600 2499
16610 2499
16620 2499
16630 2501
16640 2501
16650 2501
16660 2501
16670 2501
16680 2501
16690 2502
16700 2502
16710 2503
16720 2503
16730 2503
16740 2504
16750 2506
16760 2506
16770 2509
16780 2510
16790 2510
16800 2512
16810 2512
16820 2513
16830 2513
16840 2514
16850 2515
16860 2515
16870 2515
16880 2516
16890 2518
16900 2518
16910 2519
16920 2519
16930 2520
16940 2520
16950 2521
16960 2522
16970 2522
16980 2523
16990 2523
17000 2523
17010 2523
17020 2524
17030 2525
17040 2525
17050 2525
17060 2525
17070 2525
17080 2526
17090 2526
17100 2526
17110 2527
17120 2527
17130 2527
17140 2527
17150 2527
17160 2527
17170 2529
17180 2529
17190 2530
17200 2530
17210 2533
17220 2534
17230 2534
17240 2534
17250 2535
17260 2535
17270 2536
17280 2536
17290 2536
17300 2538
17310 2539
17320 2539
17330 2540
17340 2540
17350 2540
17360 2541
17370 2541
17380 2543
17390 2546
17400 2547
17410 2547
17420 2548
17430 2548
17440 2549
17450 2549
17460 2550
17470 2551
17480 2551
17490 2553
17500 2553
17510 2555
17520 2555
17530 2555
17540 2556
17550 2556
17560 2556
17570 2557
17580 2558
17590 2558
17600 2559
17610 2560
17620 2561
17630 2561
17640 2562
17650 2563
17660 2563
17670 2565
17680 2565
17690 2566
17700 2568
17710 2569
17720 2571
17730 2571
17740 2572
17750 2572
17760 2572
17770 2573
17780 2574
17790 2575
17800 2577
17810 2578
17820 2578
17830 2578
17840 2578
17850 2580
17860 2581
17870 2583
17880 2583
17890 2583
17900 2583
17910 2584
17920 2584
17930 2585
17940 2585
17950 2585
17960 2585
17970 2586
17980 2586
17990 2586
18000 2586
18010 2586
18020 2586
18030 2586
18040 2587
18050 2587
18060 2589
18070 2590
18080 2591
18090 2591
18100 2592
18110 2593
18120 2594
18130 2595
18140 2595
18150 2596
18160 2596
18170 2599
18180 2599
18190 2600
18200 2600
18210 2600
18220 2600
18230 2600
18240 2601
18250 2602
18260 2604
18270 2606
18280 2606
18290 2608
18300 2608
18310 2609
18320 2609
18330 2609
18340 2609
18350 2609
18360 2609
18370 2610
18380 2610
18390 2611
18400 2611
18410 2611
18420 2611
18430 2611
18440 2611
18450 2614
18460 2614
18470 2615
18480 2615
18490 2616
18500 2616
18510 2617
18520 2617
18530 2618
18540 2619
18550 2619
18560 2619
18570 2619
18580 2621
18590 2621
18600 2621
18610 2621
18620 2621
18630 2621
18640 2621
18650 2622
18660 2623
18670 2623
18680 2623
18690 2623
18700 2623
18710 2624
18720 2624
18730 2624
18740 2625
18750 2626
18760 2626
18770 2627
18780 2628
18790 2630
18800 2631
18810 2631
18820 2632
18830 2632
18840 2633
18850 2633
18860 2634
18870 2635
18880 2636
18890 2636
18900 2636
18910 2636
18920 2636
18930 2637
18940 2637
18950 2637
18960 2638
18970 2638
18980 2638
18990 2638
19000 2639
19010 2641
19020 2642
19030 2643
19040 2644
19050 2644
19060 2644
19070 2645
19080 2645
19090 2645
19100 2645
19110 2645
19120 2645
19130 2646
19140 2647
19150 2647
19160 2648
19170 2650
19180 2650
19190 2651
19200 2651
19210 2654
19220 2654
19230 2654
19240 2654
19250 2655
19260 2656
19270 2656
19280 2656
19290 2657
19300 2657
19310 2657
19320 2657
19330 2657
19340 2658
19350 2658
19360 2658
19370 2659
19380 2660
19390 2661
19400 2661
19410 2661
19420 2661
19430 2661
19440 2662
19450 2662
19460 2664
19470 2664
19480 2664
19490 2666
19500 2666
19510 2668
19520 2669
19530 2670
19540 2670
19550 2670
19560 2670
19570 2670
19580 2672
19590 2672
19600 2678
19610 2679
19620 2679
19630 2680
19640 2680
19650 2681
19660 2682
19670 2683
19680 2683
19690 2683
19700 2684
19710 2684
19720 2685
19730 2688
19740 2690
19750 2690
19760 2692
19770 2693
19780 2694
19790 2694
19800 2695
19810 2695
19820 2696
19830 2696
19840 2697
19850 2697
19860 2697
19870 2697
19880 2697
19890 2697
19900 2698
19910 2699
19920 2700
19930 2701
19940 2704
19950 2705
19960 2706
19970 2706
19980 2708
19990 2708
20000 2708
20010 2709
20020 2709
20030 2711
20040 2712
20050 2712
20060 2712
20070 2712
20080 2712
20090 2713
20100 2714
20110 2715
20120 2715
20130 2716
20140 2717
20150 2717
20160 2718
20170 2718
20180 2718
20190 2718
20200 2718
20210 2718
20220 2718
20230 2718
20240 2718
20250 2718
20260 2719
20270 2720
20280 2720
20290 2720
20300 2720
20310 2720
20320 2720
20330 2722
20340 2722
20350 2723
20360 2724
20370 2725
20380 2725
20390 2725
20400 2725
20410 2725
20420 2726
20430 2726
20440 2726
20450 2727
20460 2728
20470 2728
20480 2728
20490 2728
20500 2732
20510 2735
20520 2738
20530 2738
20540 2740
20550 2742
20560 2744
20570 2744
20580 2750
20590 2750
20600 2750
20610 2750
20620 2750
20630 2751
20640 2753
20650 2755
20660 2756
20670 2758
20680 2758
20690 2759
20700 2761
20710 2761
20720 2762
20730 2762
20740 2764
20750 2765
20760 2767
20770 2771
20780 2775
20790 2781
20800 2781
20810 2782
20820 2782
20830 2782
20840 2785
20850 2787
20860 2787
20870 2788
20880 2789
20890 2790
20900 2791
20910 2793
20920 2794
20930 2795
20940 2796
20950 2797
20960 2799
20970 2799
20980 2801
20990 2801
21000 2802
21010 2803
21020 2804
21030 2804
21040 2805
21050 2806
21060 2806
21070 2806
21080 2807
21090 2807
21100 2809
21110 2809
21120 2810
21130 2811
21140 2813
21150 2813
21160 2813
21170 2814
21180 2814
21190 2816
21200 2817
21210 2817
21220 2817
21230 2817
21240 2819
21250 2819
21260 2819
21270 2819
21280 2819
21290 2819
21300 2820
21310 2820
21320 2821
21330 2821
21340 2821
21350 2821
21360 2821
21370 2822
21380 2824
21390 2824
21400 2826
21410 2827
21420 2828
21430 2828
21440 2829
21450 2829
21460 2830
21470 2830
21480 2830
21490 2830
21500 2830
21510 2830
21520 2831
21530 2832
21540 2832
21550 2833
21560 2834
21570 2836
21580 2837
21590 2838
21600 2841
21610 2841
21620 2842
21630 2843
21640 2844
21650 2844
21660 2845
21670 2845
21680 2845
21690 2845
21700 2845
21710 2845
21720 2846
21730 2846
21740 2846
21750 2847
21760 2847
21770 2847
21780 2848
21790 2850
21800 2850
21810 2851
21820 2852
21830 2854
21840 2855
21850 2857
21860 2858
21870 2858
21880 2860
21890 2863
21900 2864
21910 2865
21920 2865
21930 2866
21940 2868
21950 2869
21960 2869
21970 2869
21980 2869
21990 2869
22000 2871
22010 2871
22020 2872
22030 2874
22040 2874
22050 2876
22060 2876
22070 2876
22080 2877
22090 2877
22100 2877
22110 2879
22120 2879
22130 2880
22140 2882
22150 2882
22160 2882
22170 2883
22180 2883
22190 2884
22200 2885
22210 2885
22220 2885
22230 2885
22240 2885
22250 2885
22260 2886
22270 2887
22280 2887
22290 2887
22300 2888
22310 2889
22320 2890
22330 2891
22340 2891
22350 2891
22360 2891
22370 2892
22380 2892
22390 2892
22400 2892
22410 2892
22420 2894
22430 2897
22440 2897
22450 2897
22460 2898
22470 2900
22480 2900
22490 2900
22500 2900
22510 2900
22520 2900
22530 2900
22540 2901
22550 2901
22560 2901
22570 2901
22580 2901
22590 2901
22600 2901
22610 2901
22620 2901
22630 2901
22640 2901
22650 2901
22660 2901
22670 2901
22680 2901
22690 2902
22700 2902
22710 2903
22720 2903
22730 2903
22740 2903
22750 2904
22760 2906
22770 2907
22780 2909
22790 2909
22800 2909
22810 2909
22820 2909
22830 2909
22840 2909
22850 2909
22860 2909
22870 2909
22880 2909
22890 2909
22900 2909
22910 2910
22920 2910
22930 2911
22940 2911
22950 2911
22960 2911
22970 2911
22980 2911
22990 2911
23000 2911
23010 2913
23020 2913
23030 2913
23040 2913
23050 2914
23060 2915
23070 2915
23080 2915
23090 2916
23100 2917
23110 2917
23120 2917
23130 2917
23140 2917
23150 2917
23160 2917
23170 2917
23180 2917
23190 2917
23200 2917
23210 2918
23220 2918
23230 2921
23240 2921
23250 2921
23260 2923
23270 2923
23280 2923
23290 2924
23300 2924
23310 2924
23320 2924
23330 2924
23340 2924
23350 2924
23360 2924
23370 2924
23380 2924
23390 2924
23400 2924
23410 2924
23420 2924
23430 2925
23440 2925
23450 2926
23460 2926
23470 2926
23480 2926
23490 2927
23500 2927
23510 2927
23520 2928
23530 2928
23540 2928
23550 2928
23560 2928
23570 2928
23580 2930
23590 2931
23600 2931
23610 2931
23620 2931
23630 2931
23640 2931
23650 2932
23660 2932
23670 2933
23680 2934
23690 2935
23700 2936
23710 2936
23720 2936
23730 2938
23740 2938
23750 2938
23760 2938
23770 2938
23780 2939
23790 2940
23800 2940
23810 2940
23820 2940
23830 2940
23840 2940
23850 2940
23860 2941
23870 2941
23880 2941
23890 2941
23900 2942
23910 2942
23920 2943
23930 2943
23940 2943
23950 2944
23960 2944
23970 2945
23980 2945
23990 2946
24000 2946
24010 2947
24020 2948
24030 2948
24040 2949
24050 2950
24060 2950
24070 2951
24080 2953
24090 2955
24100 2957
24110 2957
24120 2957
24130 2960
24140 2960
24150 2960
24160 2960
24170 2961
24180 2961
24190 2961
24200 2962
24210 2962
24220 2962
24230 2964
24240 2964
24250 2964
24260 2964
24270 2966
24280 2966
24290 2966
24300 2966
24310 2968
24320 2968
24330 2969
24340 2969
24350 2969
24360 2969
24370 2971
24380 2971
24390 2971
24400 2971
24410 2971
24420 2971
24430 2971
24440 2971
24450 2971
24460 2971
24470 2971
24480 2972
24490 2972
24500 2972
24510 2973
24520 2974
24530 2975
24540 2976
24550 2976
24560 2976
24570 2977
24580 2977
24590 2978
24600 2978
24610 2979
24620 2979
24630 2979
24640 2979
24650 2980
24660 2980
24670 2980
24680 2980
24690 2980
24700 2980
24710 2980
24720 2984
24730 2984
24740 2985
24750 2985
24760 2985
24770 2985
24780 2985
24790 2985
24800 2985
24810 2985
24820 2985
24830 2985
24840 2985
24850 2985
24860 2985
24870 2985
24880 2985
24890 2985
24900 2986
24910 2986
24920 2986
24930 2986
24940 2986
24950 2986
24960 2986
24970 2987
24980 2988
24990 2988
25000 2988
25010 2988
25020 2988
25030 2988
25040 2988
25050 2988
25060 2988
25070 2988
25080 2988
25090 2988
25100 2988
25110 2988
25120 2988
25130 2988
25140 2988
25150 2988
25160 2988
25170 2988
25180 2988
25190 2988
25200 2988
25210 2988
25220 2988
25230 2989
25240 2989
25250 2990
25260 2990
25270 2990
25280 2990
25290 2992
25300 2993
25310 2993
25320 2993
25330 2993
25340 2994
25350 2994
25360 2994
25370 2994
25380 2994
25390 2994
25400 2994
25410 2994
25420 2995
25430 2995
25440 2996
25450 2997
25460 2998
25470 3000
25480 3000
25490 3001
25500 3001
25510 3001
25520 3002
25530 3002
25540 3004
25550 3004
25560 3004
25570 3004
25580 3006
25590 3006
25600 3006
25610 3007
25620 3007
25630 3007
25640 3007
25650 3007
25660 3007
25670 3009
25680 3009
25690 3009
25700 3009
25710 3010
25720 3011
25730 3011
25740 3013
25750 3013
25760 3013
25770 3013
25780 3015
25790 3016
25800 3016
25810 3016
25820 3017
25830 3018
25840 3020
25850 3020
25860 3021
25870 3021
25880 3022
25890 3023
25900 3027
25910 3029
25920 3030
25930 3033
25940 3035
25950 3039
25960 3042
25970 3042
25980 3042
25990 3043
26000 3045
26010 3047
26020 3049
26030 3049
26040 3049
26050 3050
26060 3051
26070 3054
26080 3055
26090 3057
26100 3059
26110 3062
26120 3064
26130 3068
26140 3071
26150 3072
26160 3073
26170 3077
26180 3079
26190 3079
26200 3080
26210 3083
26220 3083
26230 3083
26240 3084
26250 3084
26260 3084
26270 3085
26280 3085
26290 3087
26300 3087
26310 3087
26320 3087
26330 3087
26340 3088
26350 3088
26360 3088
26370 3089
26380 3090
26390 3090
26400 3090
26410 3091
26420 3091
26430 3091
26440 3091
26450 3091
26460 3091
26470 3091
26480 3091
26490 3091
26500 3091
26510 3091
26520 3092
26530 3092
26540 3092
26550 3093
26560 3093
26570 3094
26580 3094
26590 3095
26600 3096
26610 3096
26620 3096
26630 3096
26640 3096
26650 3097
26660 3098
26670 3098
26680 3099
26690 3102
26700 3102
26710 3102
26720 3102
26730 3102
26740 3102
26750 3102
26760 3104
26770 3104
26780 3104
26790 3105
26800 3105
26810 3107
26820 3108
26830 3108
26840 3108
26850 3111
26860 3111
26870 3111
26880 3112
26890 3112
26900 3112
26910 3112
26920 3112
26930 3112
26940 3112
26950 3112
26960 3112
26970 3112
26980 3112
26990 3113
27000 3113
27010 3113
27020 3114
27030 3114
27040 3115
27050 3116
27060 3118
27070 3119
27080 3120
27090 3122
27100 3124
27110 3124
27120 3125
27130 3127
27140 3128
27150 3128
27160 3129
27170 3129
27180 3129
27190 3129
27200 3129
27210 3131
27220 3131
27230 3131
27240 3131
27250 3131
27260 3131
27270 3131
27280 3132
27290 3132
27300 3132
27310 3133
27320 3133
27330 3133
27340 3135
27350 3135
27360 3135
27370 3136
27380 3136
27390 3136
27400 3136
27410 3137
27420 3138
27430 3139
27440 3141
27450 3141
27460 3141
27470 3141
27480 3143
27490 3145
27500 3146
27510 3147
27520 3148
27530 3149
27540 3149
27550 3150
27560 3150
27570 3150
27580 3150
27590 3150
27600 3150
27610 3151
27620 3151
27630 3151
27640 3151
27650 3151
27660 3151
27670 3151
27680 3151
27690 3151
27700 3152
27710 3152
27720 3152
27730 3152
27740 3153
27750 3153
27760 3153
27770 3153
27780 3153
27790 3153
27800 3153
27810 3153
27820 3153
27830 3153
27840 3153
27850 3153
27860 3155
27870 3155
27880 3156
27890 3156
27900 3156
27910 3156
27920 3156
27930 3157
27940 3158
27950 3160
27960 3162
27970 3162
27980 3162
27990 3162
28000 3163
28010 3163
28020 3164
28030 3164
28040 3164
28050 3165
28060 3165
28070 3165
28080 3165
28090 3165
28100 3166
28110 3166
28120 3166
28130 3166
28140 3166
28150 3166
28160 3167
28170 3168
28180 3168
28190 3168
28200 3169
28210 3169
28220 3170
28230 3170
28240 3170
28250 3170
28260 3170
28270 3170
28280 3170
28290 3171
28300 3172
28310 3172
28320 3173
28330 3173
28340 3173
28350 3173
28360 3173
28370 3174
28380 3175
28390 3175
28400 3175
28410 3175
28420 3175
28430 3175
28440 3175
28450 3176
28460 3176
28470 3176
28480 3176
28490 3176
28500 3176
28510 3176
28520 3176
28530 3177
28540 3177
28550 3177
28560 3178
28570 3178
28580 3178
28590 3179
28600 3179
28610 3179
28620 3179
28630 3179
28640 3179
28650 3180
28660 3180
28670 3180
28680 3180
28690 3180
28700 3180
28710 3180
28720 3180
28730 3180
28740 3180
28750 3180
28760 3180
28770 3180
28780 3180
28790 3180
28800 3180
28810 3180
28820 3180
28830 3181
28840 3183
28850 3184
28860 3184
28870 3185
28880 3185
28890 3188
28900 3188
28910 3188
28920 3189
28930 3190
28940 3191
28950 3191
28960 3191
28970 3192
28980 3192
28990 3193
29000 3193
29010 3193
29020 3193
29030 3193
29040 3194
29050 3194
29060 3195
29070 3195
29080 3195
29090 3195
29100 3195
29110 3196
29120 3196
29130 3196
29140 3196
29150 3196
29160 3196
29170 3196
29180 3196
29190 3196
29200 3196
29210 3197
29220 3197
29230 3198
29240 3199
29250 3199
29260 3199
29270 3200
29280 3202
29290 3202
29300 3203
29310 3204
29320 3204
29330 3204
29340 3204
29350 3204
29360 3204
29370 3204
29380 3204
29390 3204
29400 3204
29410 3204
29420 3204
29430 3204
29440 3204
29450 3205
29460 3206
29470 3206
29480 3206
29490 3207
29500 3207
29510 3208
29520 3208
29530 3209
29540 3211
29550 3213
29560 3214
29570 3214
29580 3215
29590 3215
29600 3215
29610 3215
29620 3215
29630 3216
29640 3217
29650 3218
29660 3218
29670 3220
29680 3221
29690 3222
29700 3223
29710 3225
29720 3225
29730 3225
29740 3226
29750 3226
29760 3227
29770 3227
29780 3228
29790 3228
29800 3229
29810 3229
29820 3229
29830 3229
29840 3230
29850 3231
29860 3231
29870 3231
29880 3233
29890 3233
29900 3234
29910 3234
29920 3234
29930 3235
29940 3236
29950 3238
29960 3238
29970 3238
29980 3238
29990 3240
30000 3240
30010 3241
30020 3242
30030 3243
30040 3243
30050 3243
30060 3243
30070 3244
30080 3246
30090 3246
30100 3246
30110 3246
30120 3246
30130 3246
30140 3246
30150 3246
30160 3247
30170 3247
30180 3247
30190 3247
30200 3248
30210 3249
30220 3249
30230 3249
30240 3249
30250 3250
30260 3250
30270 3250
30280 3252
30290 3252
30300 3253
30310 3253
30320 3254
30330 3255
30340 3255
30350 3255
30360 3255
30370 3255
30380 3255
30390 3255
30400 3256
30410 3257
30420 3257
30430 3257
30440 3257
30450 3258
30460 3259
30470 3259
30480 3261
30490 3261
30500 3261
30510 3262
30520 3263
30530 3264
30540 3264
30550 3266
30560 3267
30570 3267
30580 3268
30590 3269
30600 3270
30610 3271
30620 3271
30630 3272
30640 3272
30650 3273
30660 3274
30670 3275
30680 3275
30690 3275
30700 3275
30710 3275
30720 3276
30730 3277
30740 3277
30750 3279
30760 3279
30770 3279
30780 3279
30790 3282
30800 3282
30810 3285
30820 3285
30830 3285
30840 3285
30850 3286
30860 3286
30870 3286
30880 3286
30890 3287
30900 3287
30910 3287
30920 3287
30930 3288
30940 3290
30950 3291
30960 3291
30970 3291
30980 3291
30990 3292
31000 3292
31010 3292
31020 3292
31030 3294
31040 3296
31050 3296
31060 3296
31070 3298
31080 3299
31090 3300
31100 3301
31110 3303
31120 3303
31130 3304
31140 3304
31150 3304
31160 3305
31170 3305
31180 3305
31190 3306
31200 3306
31210 3306
31220 3306
31230 3306
31240 3306
31250 3306
31260 3306
31270 3306
31280 3307
31290 3307
31300 3307
31310 3307
31320 3307
31330 3307
31340 3307
31350 3307
31360 3308
31370 3308
31380 3308
31390 3308
31400 3308
31410 3308
31420 3308
31430 3310
31440 3310
31450 3310
31460 3310
31470 3310
31480 3310
31490 3310
31500 3311
31510 3313
31520 3313
31530 3313
31540 3313
31550 3313
31560 3313
31570 3313
31580 3314
31590 3314
31600 3314
31610 3314
31620 3316
31630 3316
31640 3317
31650 3317
31660 3317
31670 3318
31680 3319
31690 3319
31700 3320
31710 3321
31720 3322
31730 3323
31740 3323
31750 3323
31760 3324
31770 3324
31780 3324
31790 3324
31800 3324
31810 3325
31820 3326
31830 3326
31840 3326
31850 3327
31860 3329
31870 3329
31880 3329
31890 3332
31900 3332
31910 3332
31920 3332
31930 3332
31940 3332
31950 3332
31960 3332
31970 3332
31980 3333
31990 3333
32000 3333
32010 3333
32020 3333
32030 3333
32040 3333
32050 3333
32060 3334
32070 3335
32080 3336
32090 3336
32100 3336
32110 3337
32120 3337
32130 3337
32140 3338
32150 3338
32160 3338
32170 3338
32180 3338
32190 3339
32200 3339
32210 3339
32220 3340
32230 3342
32240 3343
32250 3343
32260 3343
32270 3344
32280 3344
32290 3345
32300 3346
32310 3346
32320 3347
32330 3347
32340 3347
32350 3347
32360 3348
32370 3349
32380 3349
32390 3349
32400 3349
32410 3350
32420 3351
32430 3351
32440 3351
32450 3351
32460 3351
32470 3351
32480 3353
32490 3354
32500 3354
32510 3355
32520 3355
32530 3355
32540 3356
32550 3356
32560 3356
32570 3356
32580 3356
32590 3357
32600 3358
32610 3358
32620 3359
32630 3360
32640 3360
32650 3361
32660 3362
32670 3363
32680 3363
32690 3363
32700 3363
32710 3364
32720 3365
32730 3365
32740 3365
32750 3366
32760 3367
32770 3368
32780 3368
32790 3369
32800 3369
32810 3369
32820 3369
32830 3369
32840 3369
32850 3369
32860 3369
32870 3369
32880 3369
32890 3369
32900 3369
32910 3369
32920 3369
32930 3369
32940 3369
32950 3370
32960 3370
32970 3370
32980 3370
32990 3370
33000 3371
33010 3371
33020 3371
33030 3371
33040 3372
33050 3372
33060 3372
33070 3372
33080 3372
33090 3372
33100 3372
33110 3372
33120 3372
33130 3372
33140 3373
33150 3373
33160 3373
33170 3373
33180 3374
33190 3374
33200 3374
33210 3374
33220 3374
33230 3375
33240 3375
33250 3375
33260 3375
33270 3375
33280 3375
33290 3376
33300 3377
33310 3377
33320 3377
33330 3378
33340 3378
33350 3378
33360 3378
33370 3378
33380 3378
33390 3379
33400 3379
33410 3379
33420 3380
33430 3380
33440 3382
33450 3382
33460 3382
33470 3383
33480 3383
33490 3383
33500 3383
33510 3383
33520 3384
33530 3384
33540 3384
33550 3384
33560 3385
33570 3386
33580 3386
33590 3386
33600 3387
33610 3387
33620 3389
33630 3391
33640 3392
33650 3393
33660 3393
33670 3394
33680 3394
33690 3394
33700 3394
33710 3395
33720 3396
33730 3396
33740 3396
33750 3396
33760 3396
33770 3396
33780 3396
33790 3396
33800 3396
33810 3396
33820 3398
33830 3398
33840 3398
33850 3398
33860 3398
33870 3398
33880 3399
33890 3400
33900 3401
33910 3401
33920 3401
33930 3403
33940 3404
33950 3405
33960 3406
33970 3406
33980 3407
33990 3407
34000 3407
34010 3407
34020 3408
34030 3408
34040 3408
34050 3408
34060 3408
34070 3409
34080 3411
34090 3412
34100 3412
34110 3412
34120 3412
34130 3412
34140 3412
34150 3412
34160 3413
34170 3414
34180 3414
34190 3414
34200 3414
34210 3414
34220 3416
34230 3417
34240 3417
34250 3419
34260 3419
34270 3419
34280 3419
34290 3419
34300 3420
34310 3422
34320 3427
34330 3429
34340 3430
34350 3431
34360 3431
34370 3432
34380 3432
34390 3432
34400 3432
34410 3432
34420 3432
34430 3432
34440 3432
34450 3432
34460 3433
34470 3433
34480 3433
34490 3433
34500 3434
34510 3435
34520 3438
34530 3438
34540 3439
34550 3439
34560 3439
34570 3440
34580 3440
34590 3440
34600 3441
34610 3441
34620 3441
34630 3442
34640 3442
34650 3442
34660 3443
34670 3443
34680 3443
34690 3443
34700 3443
34710 3443
34720 3443
34730 3444
34740 3444
34750 3444
34760 3444
34770 3445
34780 3445
34790 3445
34800 3445
34810 3445
34820 3445
34830 3445
34840 3445
34850 3445
34860 3445
34870 3445
34880 3445
34890 3445
34900 3445
34910 3447
34920 3447
34930 3447
34940 3447
34950 3447
34960 3447
34970 3447
34980 3447
34990 3448
35000 3449
35010 3450
35020 3450
35030 3450
35040 3450
35050 3450
35060 3450
35070 3450
35080 3450
35090 3451
35100 3451
35110 3451
35120 3451
35130 3451
35140 3451
35150 3451
35160 3451
35170 3451
35180 3452
35190 3452
35200 3452
35210 3453
35220 3453
35230 3453
35240 3453
35250 3453
35260 3453
35270 3453
35280 3453
35290 3453
35300 3453
35310 3453
35320 3453
35330 3453
35340 3453
35350 3454
35360 3454
35370 3454
35380 3454
35390 3454
35400 3454
35410 3454
35420 3454
35430 3454
35440 3455
35450 3455
35460 3455
35470 3455
35480 3455
35490 3455
35500 3455
35510 3457
35520 3457
35530 3458
35540 3459
35550 3459
35560 3460
35570 3461
35580 3462
35590 3462
35600 3462
35610 3462
35620 3462
35630 3462
35640 3462
35650 3463
35660 3464
35670 3465
35680 3465
35690 3466
35700 3466
35710 3466
35720 3466
35730 3467
35740 3467
35750 3467
35760 3467
35770 3467
35780 3468
35790 3468
35800 3469
35810 3469
35820 3469
35830 3469
35840 3469
35850 3469
35860 3469
35870 3469
35880 3469
35890 3469
35900 3469
35910 3469
35920 3471
35930 3472
35940 3474
35950 3474
35960 3474
35970 3474
35980 3475
35990 3475
36000 3477
36010 3478
36020 3478
36030 3478
36040 3478
36050 3478
36060 3478
36070 3479
36080 3479
36090 3480
36100 3480
36110 3482
36120 3482
36130 3482
36140 3482
36150 3482
36160 3483
36170 3483
36180 3483
36190 3483
36200 3484
36210 3484
36220 3485
36230 3485
36240 3487
36250 3487
36260 3488
36270 3488
36280 3488
36290 3488
36300 3489
36310 3489
36320 3489
36330 3491
36340 3491
36350 3491
36360 3492
36370 3492
36380 3493
36390 3493
36400 3493
36410 3493
36420 3493
36430 3493
36440 3493
36450 3493
36460 3493
36470 3493
36480 3493
36490 3493
36500 3493
36510 3493
36520 3493
36530 3494
36540 3495
36550 3495
36560 3495
36570 3496
36580 3496
36590 3496
36600 3497
36610 3497
36620 3497
36630 3498
36640 3498
36650 3500
36660 3501
36670 3501
36680 3503
36690 3505
36700 3505
36710 3505
36720 3506
36730 3506
36740 3506
36750 3506
36760 3506
36770 3507
36780 3507
36790 3507
36800 3507
36810 3507
36820 3507
36830 3507
36840 3507
36850 3507
36860 3507
36870 3507
36880 3507
36890 3507
36900 3507
36910 3507
36920 3508
36930 3509
36940 3509
36950 3509
36960 3509
36970 3509
36980 3509
36990 3509
37000 3510
37010 3510
37020 3510
37030 3511
37040 3511
37050 3512
37060 3512
37070 3512
37080 3512
37090 3513
37100 3513
37110 3514
37120 3515
37130 3515
37140 3515
37150 3515
37160 3515
37170 3515
37180 3515
37190 3515
37200 3515
37210 3515
37220 3515
37230 3515
37240 3515
37250 3515
37260 3515
37270 3515
37280 3515
37290 3515
37300 3515
37310 3515
37320 3515
37330 3515
37340 3515
37350 3515
37360 3515
37370 3515
37380 3515
37390 3516
37400 3516
37410 3516
37420 3517
37430 3517
37440 3517
37450 3517
37460 3517
37470 3517
37480 3517
37490 3518
37500 3518
37510 3518
37520 3518
37530 3519
37540 3519
37550 3519
37560 3519
37570 3519
37580 3520
37590 3520
37600 3520
37610 3520
37620 3521
37630 3521
37640 3521
37650 3523
37660 3524
37670 3527
37680 3529
37690 3532
37700 3534
37710 3535
37720 3536
37730 3536
37740 3536
37750 3536
37760 3536
37770 3536
37780 3536
37790 3537
37800 3537
37810 3537
37820 3537
37830 3537
37840 3538
37850 3538
37860 3538
37870 3538
37880 3538
37890 3538
37900 3538
37910 3538
37920 3538
37930 3538
37940 3538
37950 3538
37960 3538
37970 3539
37980 3539
37990 3539
38000 3539
38010 3539
38020 3540
38030 3540
38040 3540
38050 3541
38060 3541
38070 3541
38080 3541
38090 3541
38100 3541
38110 3541
38120 3541
38130 3542
38140 3542
38150 3542
38160 3542
38170 3542
38180 3542
38190 3543
38200 3543
38210 3543
38220 3543
38230 3543
38240 3543
38250 3544
38260 3544
38270 3544
38280 3544
38290 3545
38300 3545
38310 3545
38320 3545
38330 3545
38340 3546
38350 3546
38360 3548
38370 3548
38380 3548
38390 3548
38400 3548
38410 3548
38420 3548
38430 3548
38440 3548
38450 3551
38460 3551
38470 3552
38480 3552
38490 3553
38500 3553
38510 3554
38520 3555
38530 3555
38540 3555
38550 3557
38560 3560
38570 3560
38580 3561
38590 3563
38600 3563
38610 3563
38620 3563
38630 3565
38640 3565
38650 3566
38660 3566
38670 3566
38680 3567
38690 3567
38700 3567
38710 3568
38720 3570
38730 3570
38740 3570
38750 3570
38760 3570
38770 3570
38780 3570
38790 3570
38800 3571
38810 3571
38820 3571
38830 3573
38840 3573
38850 3574
38860 3574
38870 3575
38880 3575
38890 3575
38900 3575
38910 3577
38920 3578
38930 3578
38940 3579
38950 3580
38960 3580
38970 3581
38980 3581
38990 3581
39000 3581
39010 3581
39020 3581
39030 3581
39040 3581
39050 3581
39060 3581
39070 3581
39080 3581
39090 3581
39100 3581
39110 3581
39120 3581
39130 3581
39140 3581
39150 3583
39160 3583
39170 3583
39180 3583
39190 3583
39200 3584
39210 3584
39220 3584
39230 3584
39240 3584
39250 3584
39260 3585
39270 3585
39280 3585
39290 3585
39300 3585
39310 3585
39320 3585
39330 3585
39340 3585
39350 3585
39360 3586
39370 3586
39380 3586
39390 3586
39400 3586
39410 3586
39420 3586
39430 3586
39440 3586
39450 3586
39460 3587
39470 3587
39480 3588
39490 3589
39500 3589
39510 3589
39520 3589
39530 3589
39540 3589
39550 3592
39560 3593
39570 3595
39580 3597
39590 3599
39600 3600
39610 3600
39620 3602
39630 3603
39640 3604
39650 3606
39660 3606
39670 3606
39680 3606
39690 3607
39700 3607
39710 3608
39720 3609
39730 3609
39740 3610
39750 3610
39760 3610
39770 3610
39780 3610
39790 3613
39800 3613
39810 3614
39820 3615
39830 3619
39840 3619
39850 3619
39860 3619
39870 3619
39880 3619
39890 3620
39900 3620
39910 3622
39920 3623
39930 3623
39940 3623
39950 3623
39960 3623
39970 3624
39980 3624
39990 3624
40000 3624
40010 3624
40020 3624
40030 3624
40040 3624
40050 3624
40060 3626
40070 3626
40080 3626
40090 3626
40100 3626
40110 3626
40120 3626
40130 3626
40140 3626
40150 3626
40160 3626
40170 3626
40180 3626
40190 3626
40200 3626
40210 3626
40220 3626
40230 3626
40240 3626
40250 3626
40260 3626
40270 3626
40280 3627
40290 3627
40300 3627
40310 3628
40320 3629
40330 3629
40340 3629
40350 3629
40360 3629
40370 3629
40380 3629
40390 3630
40400 3630
40410 3630
40420 3630
40430 3630
40440 3630
40450 3630
40460 3630
40470 3630
40480 3631
40490 3631
40500 3631
40510 3631
40520 3633
40530 3633
40540 3633
40550 3634
40560 3634
40570 3634
40580 3635
40590 3635
40600 3635
40610 3635
40620 3635
40630 3635
40640 3635
40650 3635
40660 3635
40670 3637
40680 3638
40690 3638
40700 3638
40710 3639
40720 3640
40730 3640
40740 3640
40750 3642
40760 3642
40770 3642
40780 3643
40790 3643
40800 3643
40810 3643
40820 3643
40830 3643
40840 3644
40850 3645
40860 3646
40870 3646
40880 3647
40890 3648
40900 3649
40910 3651
40920 3651
40930 3651
40940 3652
40950 3655
40960 3657
40970 3660
40980 3661
40990 3661
41000 3661
41010 3661
41020 3661
41030 3661
41040 3661
41050 3661
41060 3661
41070 3661
41080 3662
41090 3662
41100 3663
41110 3663
41120 3663
41130 3663
41140 3663
41150 3663
41160 3665
41170 3665
41180 3665
41190 3666
41200 3666
41210 3666
41220 3667
41230 3667
41240 3667
41250 3667
41260 3667
41270 3667
41280 3667
41290 3667
41300 3667
41310 3667
41320 3667
41330 3667
41340 3667
41350 3668
41360 3668
41370 3669
41380 3669
41390 3669
41400 3669
41410 3669
41420 3669
41430 3669
41440 3669
41450 3669
41460 3671
41470 3671
41480 3671
41490 3671
41500 3672
41510 3673
41520 3673
41530 3673
41540 3673
41550 3673
41560 3673
41570 3673
41580 3674
41590 3674
41600 3676
41610 3677
41620 3677
41630 3677
41640 3677
41650 3678
41660 3678
41670 3679
41680 3679
41690 3680
41700 3680
41710 3680
41720 3681
41730 3681
41740 3682
41750 3682
41760 3682
41770 3682
41780 3682
41790 3682
41800 3682
41810 3684
41820 3684
41830 3684
41840 3684
41850 3687
41860 3687
41870 3688
41880 3688
41890 3688
41900 3688
41910 3689
41920 3689
41930 3689
41940 3690
41950 3690
41960 3690
41970 3690
41980 3690
41990 3691
42000 3692
42010 3695
42020 3695
42030 3695
42040 3696
42050 3696
42060 3697
42070 3697
42080 3697
42090 3697
42100 3697
42110 3698
42120 3698
42130 3698
42140 3698
42150 3699
42160 3700
42170 3700
42180 3701
42190 3701
42200 3702
42210 3702
42220 3703
42230 3703
42240 3703
42250 3703
42260 3703
42270 3703
42280 3703
42290 3703
42300 3703
42310 3703
42320 3703
42330 3703
42340 3703
42350 3703
42360 3703
42370 3703
42380 3703
42390 3703
42400 3703
42410 3703
42420 3703
42430 3704
42440 3705
42450 3705
42460 3705
42470 3705
42480 3705
42490 3705
42500 3705
42510 3705
42520 3705
42530 3705
42540 3706
42550 3706
42560 3706
42570 3706
42580 3706
42590 3706
42600 3706
42610 3706
42620 3706
42630 3706
42640 3707
42650 3708
42660 3709
42670 3709
42680 3711
42690 3713
42700 3713
42710 3716
42720 3717
42730 3718
42740 3718
42750 3718
42760 3720
42770 3720
42780 3725
42790 3727
42800 3730
42810 3730
42820 3732
42830 3734
42840 3736
42850 3737
42860 3737
42870 3738
42880 3738
42890 3738
42900 3738
42910 3738
42920 3738
42930 3738
42940 3738
42950 3738
42960 3738
42970 3738
42980 3739
42990 3740
43000 3740
43010 3741
43020 3741
43030 3742
43040 3743
43050 3745
43060 3745
43070 3745
43080 3745
43090 3745
43100 3745
43110 3745
43120 3746
43130 3746
43140 3747
43150 3747
43160 3747
43170 3747
43180 3747
43190 3748
43200 3749
43210 3749
43220 3749
43230 3749
43240 3749
43250 3749
43260 3749
43270 3749
43280 3749
43290 3749
43300 3749
43310 3749
43320 3751
43330 3753
43340 3755
43350 3755
43360 3755
43370 3755
43380 3755
43390 3755
43400 3755
43410 3756
43420 3756
43430 3756
43440 3756
43450 3756
43460 3756
43470 3756
43480 3756
43490 3756
43500 3756
43510 3757
43520 3757
43530 3757
43540 3758
43550 3758
43560 3758
43570 3758
43580 3758
43590 3758
43600 3758
43610 3758
43620 3760
43630 3760
43640 3760
43650 3761
43660 3761
43670 3761
43680 3761
43690 3762
43700 3763
43710 3763
43720 3763
43730 3764
43740 3764
43750 3764
43760 3764
43770 3765
43780 3766
43790 3766
43800 3766
43810 3766
43820 3767
43830 3767
43840 3767
43850 3767
43860 3767
43870 3767
43880 3768
43890 3770
43900 3772
43910 3772
43920 3772
43930 3772
43940 3774
43950 3775
43960 3776
43970 3776
43980 3777
43990 3777
44000 3777
44010 3778
44020 3780
44030 3780
44040 3781
44050 3781
44060 3783
44070 3784
44080 3784
44090 3784
44100 3784
44110 3785
44120 3785
44130 3785
44140 3785
44150 3785
44160 3785
44170 3786
44180 3786
44190 3786
44200 3786
44210 3786
44220 3786
44230 3786
44240 3786
44250 3786
44260 3786
44270 3787
44280 3787
44290 3787
44300 3787
44310 3788
44320 3788
44330 3789
44340 3790
44350 3790
44360 3790
44370 3791
44380 3792
44390 3792
44400 3792
44410 3792
44420 3792
44430 3792
44440 3792
44450 3792
44460 3793
44470 3793
44480 3793
44490 3793
44500 3793
44510 3793
44520 3793
44530 3793
44540 3793
44550 3793
44560 3795
44570 3795
44580 3796
44590 3797
44600 3797
44610 3797
44620 3797
44630 3797
44640 3797
44650 3797
44660 3797
44670 3798
44680 3800
44690 3801
44700 3802
44710 3802
44720 3802
44730 3803
44740 3803
44750 3803
44760 3804
44770 3804
44780 3804
44790 3804
44800 3804
44810 3804
44820 3805
44830 3805
44840 3808
44850 3808
44860 3808
44870 3808
44880 3808
44890 3808
44900 3809
44910 3809
44920 3809
44930 3810
44940 3810
44950 3810
44960 3810
44970 3810
44980 3811
44990 3811
45000 3811
45010 3811
45020 3811
45030 3812
45040 3814
45050 3814
45060 3814
45070 3814
45080 3814
45090 3814
45100 3814
45110 3815
45120 3817
45130 3818
45140 3819
45150 3819
45160 3819
45170 3820
45180 3820
45190 3820
45200 3821
45210 3823
45220 3824
45230 3825
45240 3826
45250 3829
45260 3829
45270 3829
45280 3831
45290 3831
45300 3832
45310 3832
45320 3832
45330 3833
45340 3833
45350 3834
45360 3834
45370 3834
45380 3834
45390 3834
45400 3837
45410 3838
45420 3838
45430 3838
45440 3838
45450 3838
45460 3838
45470 3838
45480 3838
45490 3838
45500 3838
45510 3838
45520 3838
45530 3839
45540 3840
45550 3840
45560 3840
45570 3840
45580 3841
45590 3841
45600 3841
45610 3843
45620 3843
45630 3844
45640 3845
45650 3845
45660 3846
45670 3846
45680 3846
45690 3846
45700 3846
45710 3846
45720 3846
45730 3846
45740 3846
45750 3846
45760 3846
45770 3847
45780 3847
45790 3848
45800 3848
45810 3848
45820 3850
45830 3850
45840 3851
45850 3851
45860 3852
45870 3852
45880 3852
45890 3852
45900 3852
45910 3853
45920 3853
45930 3853
45940 3853
45950 3854
45960 3857
45970 3857
45980 3858
45990 3859
46000 3859
46010 3859
46020 3860
46030 3860
46040 3860
46050 3860
46060 3860
46070 3860
46080 3860
46090 3860
46100 3860
46110 3861
46120 3861
46130 3861
46140 3861
46150 3861
46160 3862
46170 3863
46180 3864
46190 3864
46200 3864
46210 3864
46220 3864
46230 3864
46240 3865
46250 3866
46260 3866
46270 3868
46280 3868
46290 3868
46300 3868
46310 3870
46320 3870
46330 3870
46340 3870
46350 3870
46360 3870
46370 3870
46380 3871
46390 3872
46400 3872
46410 3872
46420 3872
46430 3872
46440 3872
46450 3872
46460 3872
46470 3872
46480 3874
46490 3875
46500 3875
46510 3876
46520 3876
46530 3876
46540 3876
46550 3876
46560 3876
46570 3876
46580 3876
46590 3876
46600 3877
46610 3878
46620 3879
46630 3879
46640 3879
46650 3879
46660 3879
46670 3880
46680 3881
46690 3881
46700 3882
46710 3882
46720 3883
46730 3883
46740 3883
46750 3883
46760 3884
46770 3885
46780 3885
46790 3885
46800 3885
46810 3885
46820 3885
46830 3885
46840 3885
46850 3885
46860 3885
46870 3886
46880 3886
46890 3886
46900 3886
46910 3886
46920 3886
46930 3886
46940 3887
46950 3887
46960 3888
46970 3888
46980 3888
46990 3888
47000 3888
47010 3888
47020 3888
47030 3888
47040 3888
47050 3888
47060 3890
47070 3891
47080 3891
47090 3892
47100 3892
47110 3892
47120 3892
47130 3893
47140 3893
47150 3893
47160 3895
47170 3897
47180 3897
47190 3898
47200 3898
47210 3898
47220 3898
47230 3898
47240 3901
47250 3901
47260 3901
47270 3901
47280 3902
47290 3902
47300 3903
47310 3903
47320 3904
47330 3904
47340 3904
47350 3905
47360 3906
47370 3906
47380 3908
47390 3908
47400 3909
47410 3909
47420 3909
47430 3909
47440 3909
47450 3909
47460 3909
47470 3910
47480 3910
47490 3911
47500 3911
47510 3912
47520 3912
47530 3912
47540 3912
47550 3912
47560 3912
47570 3912
47580 3912
47590 3912
47600 3912
47610 3912
47620 3912
47630 3913
47640 3915
47650 3915
47660 3915
47670 3916
47680 3916
47690 3916
47700 3917
47710 3918
47720 3918
47730 3918
47740 3918
47750 3918
47760 3918
47770 3918
47780 3918
47790 3918
47800 3918
47810 3919
47820 3921
47830 3922
47840 3924
47850 3925
47860 3925
47870 3926
47880 3926
47890 3926
47900 3926
47910 3927
47920 3927
47930 3927
47940 3927
47950 3927
47960 3927
47970 3927
47980 3927
47990 3927
48000 3929
48010 3929
48020 3929
48030 3929
48040 3930
48050 3931
48060 3931
48070 3931
48080 3931
48090 3932
48100 3932
48110 3932
48120 3932
48130 3932
48140 3933
48150 3933
48160 3933
48170 3933
48180 3933
48190 3933
48200 3933
48210 3933
48220 3934
48230 3936
48240 3939
48250 3939
48260 3939
48270 3939
48280 3939
48290 3939
48300 3939
48310 3941
48320 3941
48330 3943
48340 3945
48350 3946
48360 3946
48370 3947
48380 3948
48390 3950
48400 3952
48410 3952
48420 3954
48430 3955
48440 3955
48450 3955
48460 3957
48470 3957
48480 3959
48490 3959
48500 3960
48510 3960
48520 3960
48530 3960
48540 3960
48550 3960
48560 3960
48570 3961
48580 3961
48590 3962
48600 3962
48610 3962
48620 3962
48630 3963
48640 3963
48650 3963
48660 3963
48670 3963
48680 3963
48690 3963
48700 3963
48710 3963
48720 3963
48730 3964
48740 3964
48750 3964
48760 3964
48770 3964
48780 3964
48790 3964
48800 3964
48810 3964
48820 3966
48830 3966
48840 3966
48850 3966
48860 3966
48870 3966
48880 3966
48890 3966
48900 3967
48910 3967
48920 3967
48930 3967
48940 3967
48950 3967
48960 3967
48970 3967
48980 3968
48990 3968
49000 3968
49010 3968
49020 3968
49030 3968
49040 3968
49050 3969
49060 3969
49070 3969
49080 3969
49090 3969
49100 3970
49110 3971
49120 3971
49130 3971
49140 3972
49150 3972
49160 3972
49170 3973
49180 3973
49190 3973
49200 3973
49210 3974
49220 3975
49230 3975
49240 3975
49250 3975
49260 3975
49270 3977
49280 3977
49290 3977
49300 3977
49310 3977
49320 3977
49330 3979
49340 3979
49350 3979
49360 3979
49370 3979
49380 3979
49390 3979
49400 3980
49410 3981
49420 3982
49430 3983
49440 3983
49450 3983
49460 3983
49470 3984
49480 3984
49490 3985
49500 3985
49510 3986
49520 3986
49530 3986
49540 3986
49550 3986
49560 3987
49570 3987
49580 3987
49590 3987
49600 3987
49610 3987
49620 3987
49630 3987
49640 3988
49650 3990
49660 3992
49670 3992
49680 3993
49690 3996
49700 3996
49710 3997
49720 3998
49730 3998
49740 3999
49750 3999
49760 3999
49770 3999
49780 3999
49790 3999
49800 3999
49810 3999
49820 4000
49830 4000
49840 4000
49850 4000
49860 4000
49870 4001
49880 4001
49890 4002
49900 4003
49910 4003
49920 4003
49930 4004
49940 4004
49950 4004
49960 4005
49970 4005
49980 4005
49990 4005
50000 4005
50010 4005
50020 4005
50030 4005
50040 4005
50050 4005
50060 4005
50070 4005
50080 4005
50090 4005
50100 4005
50110 4006
50120 4007
50130 4008
50140 4008
50150 4008
50160 4010
50170 4010
50180 4010
50190 4010
50200 4010
50210 4010
50220 4010
50230 4010
50240 4010
50250 4010
50260 4011
50270 4011
50280 4011
50290 4011
50300 4011
50310 4012
50320 4012
50330 4012
50340 4012
50350 4012
50360 4012
50370 4012
50380 4013
50390 4015
50400 4016
50410 4016
50420 4016
50430 4018
50440 4018
50450 4018
50460 4018
50470 4018
50480 4018
50490 4018
50500 4018
50510 4018
50520 4020
50530 4020
50540 4020
50550 4020
50560 4021
50570 4021
50580 4021
50590 4021
50600 4021
50610 4022
50620 4022
50630 4023
50640 4023
50650 4023
50660 4023
50670 4023
50680 4023
50690 4023
50700 4023
50710 4023
50720 4023
50730 4023
50740 4024
50750 4025
50760 4025
50770 4025
50780 4025
50790 4025
50800 4025
50810 4025
50820 4025
50830 4025
50840 4025
50850 4025
50860 4025
50870 4025
50880 4025
50890 4025
50900 4025
50910 4025
50920 4026
50930 4026
50940 4026
50950 4026
50960 4026
50970 4026
50980 4026
50990 4026
51000 4026
51010 4026
51020 4026
51030 4026
51040 4026
51050 4026
51060 4026
51070 4027
51080 4029
51090 4030
51100 4033
51110 4034
51120 4035
51130 4035
51140 4035
51150 4035
51160 4035
51170 4035
51180 4035
51190 4035
51200 4035
51210 4036
51220 4036
51230 4036
51240 4036
51250 4037
51260 4038
51270 4038
51280 4039
51290 4040
51300 4041
51310 4042
51320 4042
51330 4043
51340 4043
51350 4043
51360 4043
51370 4043
51380 4044
51390 4044
51400 4044
51410 4045
51420 4047
51430 4048
51440 4049
51450 4049
51460 4049
51470 4049
51480 4049
51490 4049
51500 4051
51510 4052
51520 4053
51530 4053
51540 4053
51550 4053
51560 4053
51570 4053
51580 4053
51590 4053
51600 4053
51610 4053
51620 4054
51630 4054
51640 4055
51650 4055
51660 4055
51670 4055
51680 4056
51690 4057
51700 4057
51710 4057
51720 4058
51730 4059
51740 4060
51750 4060
51760 4060
51770 4060
51780 4060
51790 4060
51800 4060
51810 4062
51820 4062
51830 4062
51840 4062
51850 4062
51860 4062
51870 4062
51880 4062
51890 4062
51900 4063
51910 4065
51920 4065
51930 4066
51940 4066
51950 4066
51960 4066
51970 4066
51980 4067
51990 4067
52000 4067
52010 4067
52020 4067
52030 4067
52040 4068
52050 4068
52060 4068
52070 4069
52080 4071
52090 4071
52100 4071
52110 4071
52120 4072
52130 4072
52140 4072
52150 4072
52160 4073
52170 4073
52180 4073
52190 4073
52200 4073
52210 4074
52220 4075
52230 4076
52240 4077
52250 4077
52260 4078
52270 4079
52280 4079
52290 4080
52300 4080
52310 4080
52320 4080
52330 4080
52340 4081
52350 4081
52360 4081
52370 4081
52380 4081
52390 4081
52400 4081
52410 4081
52420 4081
52430 4082
52440 4082
52450 4083
52460 4083
52470 4083
52480 4083
52490 4083
52500 4084
52510 4084
52520 4084
52530 4084
52540 4084
52550 4084
52560 4084
52570 4084
52580 4084
52590 4084
52600 4084
52610 4084
52620 4084
52630 4084
52640 4084
52650 4084
52660 4084
52670 4084
52680 4084
52690 4084
52700 4084
52710 4084
52720 4084
52730 4084
52740 4084
52750 4084
52760 4084
52770 4084
52780 4084
52790 4084
52800 4084
52810 4084
52820 4084
52830 4084
52840 4085
52850 4085
52860 4085
52870 4085
52880 4085
52890 4085
52900 4085
52910 4085
52920 4085
52930 4086
52940 4086
52950 4086
52960 4086
52970 4086
52980 4086
52990 4086
53000 4086
53010 4086
53020 4086
53030 4086
53040 4087
53050 4087
53060 4087
53070 4087
53080 4088
53090 4090
53100 4090
53110 4091
53120 4092
53130 4093
53140 4093
53150 4094
53160 4094
53170 4094
53180 4096
53190 4097
53200 4098
53210 4098
53220 4098
53230 4098
53240 4098
53250 4098
53260 4098
53270 4098
53280 4098
53290 4098
53300 4098
53310 4098
53320 4098
53330 4098
53340 4098
53350 4098
53360 4098
53370 4099
53380 4100
53390 4100
53400 4100
53410 4100
53420 4100
53430 4100
53440 4100
53450 4100
53460 4101
53470 4101
53480 4101
53490 4101
53500 4101
53510 4102
53520 4102
53530 4102
53540 4102
53550 4102
53560 4103
53570 4103
53580 4103
53590 4104
53600 4104
53610 4104
53620 4105
53630 4105
53640 4105
53650 4105
53660 4106
53670 4106
53680 4106
53690 4109
53700 4109
53710 4109
53720 4109
53730 4109
53740 4110
53750 4110
53760 4110
53770 4110
53780 4111
53790 4111
53800 4112
53810 4112
53820 4112
53830 4112
53840 4112
53850 4112
53860 4112
53870 4112
53880 4113
53890 4113
53900 4113
53910 4113
53920 4115
53930 4116
53940 4116
53950 4118
53960 4118
53970 4118
53980 4118
53990 4118
54000 4118
54010 4118
54020 4118
54030 4118
54040 4119
54050 4120
54060 4120
54070 4120
54080 4120
54090 4121
54100 4121
54110 4121
54120 4121
54130 4122
54140 4123
54150 4124
54160 4124
54170 4124
54180 4124
54190 4125
54200 4125
54210 4125
54220 4126
54230 4126
54240 4126
54250 4126
54260 4126
54270 4127
54280 4128
54290 4128
54300 4128
54310 4128
54320 4128
54330 4128
54340 4129
54350 4129
54360 4130
54370 4131
54380 4132
54390 4132
54400 4132
54410 4133
54420 4134
54430 4134
54440 4134
54450 4134
54460 4134
54470 4134
54480 4135
54490 4136
54500 4136
54510 4137
54520 4137
54530 4137
54540 4137
54550 4137
54560 4137
54570 4137
54580 4138
54590 4138
54600 4138
54610 4138
54620 4139
54630 4139
54640 4139
54650 4139
54660 4140
54670 4140
54680 4140
54690 4141
54700 4141
54710 4141
54720 4143
54730 4144
54740 4145
54750 4146
54760 4147
54770 4147
54780 4147
54790 4147
54800 4148
54810 4148
54820 4148
54830 4149
54840 4149
54850 4149
54860 4150
54870 4150
54880 4150
54890 4153
54900 4154
54910 4155
54920 4156
54930 4157
54940 4157
54950 4157
54960 4157
54970 4157
54980 4157
54990 4157
55000 4157
55010 4159
55020 4159
55030 4160
55040 4160
55050 4160
55060 4162
55070 4163
55080 4163
55090 4163
55100 4163
55110 4163
55120 4163
55130 4163
55140 4163
55150 4164
55160 4165
55170 4165
55180 4165
55190 4165
55200 4165
55210 4165
55220 4166
55230 4167
55240 4167
55250 4168
55260 4168
55270 4169
55280 4169
55290 4169
55300 4169
55310 4169
55320 4170
55330 4171
55340 4171
55350 4171
55360 4171
55370 4171
55380 4173
55390 4173
55400 4174
55410 4174
55420 4174
55430 4174
55440 4174
55450 4176
55460 4177
55470 4177
55480 4178
55490 4178
55500 4179
55510 4180
55520 4180
55530 4180
55540 4180
55550 4181
55560 4181
55570 4181
55580 4182
55590 4183
55600 4183
55610 4183
55620 4183
55630 4183
55640 4183
55650 4184
55660 4184
55670 4184
55680 4184
55690 4185
55700 4185
55710 4185
55720 4185
55730 4185
55740 4185
55750 4185
55760 4185
55770 4185
55780 4185
55790 4186
55800 4187
55810 4188
55820 4188
55830 4188
55840 4188
55850 4188
55860 4188
55870 4188
55880 4188
55890 4189
55900 4190
55910 4190
55920 4190
55930 4191
55940 4192
55950 4193
55960 4193
55970 4194
55980 4194
55990 4194
56000 4194
56010 4194
56020 4194
56030 4194
56040 4196
56050 4196
56060 4196
56070 4196
56080 4196
56090 4196
56100 4197
56110 4198
56120 4199
56130 4199
56140 4200
56150 4200
56160 4200
56170 4200
56180 4201
56190 4203
56200 4203
56210 4204
56220 4205
56230 4205
56240 4205
56250 4205
56260 4205
56270 4205
56280 4206
56290 4206
56300 4206
56310 4206
56320 4206
56330 4206
56340 4206
56350 4206
56360 4206
56370 4206
56380 4206
56390 4206
56400 4206
56410 4206
56420 4206
56430 4206
56440 4206
56450 4206
56460 4206
56470 4206
56480 4208
56490 4208
56500 4208
56510 4210
56520 4210
56530 4210
56540 4210
56550 4211
56560 4211
56570 4212
56580 4213
56590 4213
56600 4213
56610 4214
56620 4214
56630 4215
56640 4215
56650 4215
56660 4215
56670 4216
56680 4216
56690 4217
56700 4217
56710 4217
56720 4217
56730 4217
56740 4217
56750 4218
56760 4218
56770 4218
56780 4218
56790 4218
56800 4218
56810 4218
56820 4219
56830 4219
56840 4219
56850 4219
56860 4219
56870 4219
56880 4219
56890 4219
56900 4220
56910 4220
56920 4221
56930 4221
56940 4221
56950 4221
56960 4221
56970 4221
56980 4221
56990 4222
57000 4222
57010 4222
57020 4222
57030 4222
57040 4222
57050 4222
57060 4222
57070 4222
57080 4223
57090 4223
57100 4223
57110 4223
57120 4223
57130 4223
57140 4223
57150 4223
57160 4223
57170 4223
57180 4224
57190 4225
57200 4226
57210 4226
57220 4228
57230 4228
57240 4228
57250 4228
57260 4228
57270 4228
57280 4229
57290 4229
57300 4229
57310 4229
57320 4230
57330 4230
57340 4230
57350 4231
57360 4232
57370 4232
57380 4232
57390 4233
57400 4233
57410 4233
57420 4233
57430 4233
57440 4233
57450 4233
57460 4233
57470 4233
57480 4233
57490 4233
57500 4233
57510 4234
57520 4234
57530 4234
57540 4234
57550 4234
57560 4234
57570 4234
57580 4234
57590 4234
57600 4234
57610 4234
57620 4235
57630 4235
57640 4236
57650 4236
57660 4237
57670 4237
57680 4237
57690 4237
57700 4237
57710 4237
57720 4237
57730 4237
57740 4237
57750 4237
57760 4237
57770 4237
57780 4237
57790 4237
57800 4237
57810 4237
57820 4237
57830 4237
57840 4237
57850 4237
57860 4237
57870 4237
57880 4238
57890 4238
57900 4238
57910 4238
57920 4238
57930 4238
57940 4238
57950 4238
57960 4238
57970 4238
57980 4238
57990 4238
58000 4238
58010 4238
58020 4238
58030 4238
58040 4238
58050 4239
58060 4239
58070 4240
58080 4240
58090 4240
58100 4240
58110 4241
58120 4242
58130 4243
58140 4243
58150 4243
58160 4245
58170 4246
58180 4246
58190 4246
58200 4246
58210 4246
58220 4247
58230 4247
58240 4248
58250 4249
58260 4249
58270 4250
58280 4250
58290 4250
58300 4250
58310 4251
58320 4252
58330 4252
58340 4253
58350 4253
58360 4253
58370 4253
58380 4253
58390 4253
58400 4253
58410 4253
58420 4253
58430 4253
58440 4254
58450 4254
58460 4254
58470 4254
58480 4254
58490 4254
58500 4254
58510 4254
58520 4254
58530 4256
58540 4257
58550 4257
58560 4258
58570 4258
58580 4258
58590 4258
58600 4258
58610 4259
58620 4259
58630 4260
58640 4260
58650 4261
58660 4261
58670 4261
58680 4262
58690 4263
58700 4263
58710 4264
58720 4264
58730 4264
58740 4264
58750 4264
58760 4264
58770 4265
58780 4265
58790 4265
58800 4265
58810 4265
58820 4265
58830 4265
58840 4266
58850 4267
58860 4267
58870 4268
58880 4270
58890 4270
58900 4270
58910 4270
58920 4270
58930 4270
58940 4271
58950 4272
58960 4272
58970 4272
58980 4272
58990 4272
59000 4272
59010 4272
59020 4272
59030 4272
59040 4273
59050 4274
59060 4274
59070 4274
59080 4274
59090 4274
59100 4274
59110 4274
59120 4274
59130 4275
59140 4275
59150 4275
59160 4276
59170 4276
59180 4276
59190 4276
59200 4276
59210 4276
59220 4276
59230 4276
59240 4277
59250 4277
59260 4278
59270 4278
59280 4278
59290 4279
59300 4281
59310 4281
59320 4281
59330 4281
59340 4281
59350 4281
59360 4281
59370 4281
59380 4281
59390 4281
59400 4282
59410 4282
59420 4283
59430 4283
59440 4283
59450 4283
59460 4283
59470 4283
59480 4283
59490 4283
59500 4283
59510 4284
59520 4286
59530 4286
59540 4286
59550 4286
59560 4286
59570 4286
59580 4286
59590 4286
59600 4287
59610 4287
59620 4287
59630 4287
59640 4287
59650 4287
59660 4288
59670 4288
59680 4288
59690 4288
59700 4288
59710 4288
59720 4288
59730 4288
59740 4289
59750 4291
59760 4292
59770 4292
59780 4292
59790 4294
59800 4296
59810 4296
59820 4296
59830 4296
59840 4296
59850 4296
59860 4296
59870 4296
59880 4297
59890 4297
59900 4297
59910 4297
59920 4297
59930 4297
59940 4297
59950 4298
59960 4299
59970 4299
59980 4299
59990 4300
60000 4300
60010 4300
60020 4300
60030 4301
60040 4303
60050 4303
60060 4303
60070 4303
60080 4303
60090 4303
60100 4303
60110 4303
60120 4303
60130 4303
60140 4303
60150 4303
60160 4303
60170 4303
60180 4304
60190 4304
60200 4304
60210 4305
60220 4305
60230 4305
60240 4306
60250 4306
60260 4306
60270 4306
60280 4307
60290 4307
60300 4307
60310 4307
60320 4307
60330 4307
60340 4307
60350 4307
60360 4309
60370 4309
60380 4309
60390 4309
60400 4309
60410 4309
60420 4309
60430 4309
60440 4309
60450 4309
60460 4309
60470 4309
60480 4309
60490 4309
60500 4309
60510 4309
60520 4309
60530 4309
60540 4311
60550 4312
60560 4315
60570 4315
60580 4316
60590 4316
60600 4316
60610 4316
60620 4316
60630 4316
60640 4316
60650 4317
60660 4317
60670 4317
60680 4318
60690 4319
60700 4321
60710 4321
60720 4321
60730 4321
60740 4321
60750 4321
60760 4321
60770 4321
60780 4321
60790 4321
60800 4321
60810 4321
60820 4321
60830 4321
60840 4321
60850 4321
60860 4321
60870 4321
60880 4321
60890 4323
60900 4324
60910 4325
60920 4326
60930 4326
60940 4326
60950 4326
60960 4326
60970 4327
60980 4327
60990 4328
61000 4328
61010 4328
61020 4328
61030 4328
61040 4328
61050 4328
61060 4328
61070 4328
61080 4328
61090 4328
61100 4328
61110 4329
61120 4329
61130 4329
61140 4330
61150 4330
61160 4330
61170 4330
61180 4330
61190 4330
61200 4330
61210 4330
61220 4330
61230 4330
61240 4330
61250 4331
61260 4331
61270 4332
61280 4332
61290 4332
61300 4332
61310 4332
61320 4332
61330 4332
61340 4333
61350 4333
61360 4333
61370 4333
61380 4333
61390 4333
61400 4333
61410 4333
61420 4334
61430 4334
61440 4336
61450 4336
61460 4336
61470 4336
61480 4337
61490 4338
61500 4338
61510 4338
61520 4339
61530 4339
61540 4339
61550 4339
61560 4339
61570 4339
61580 4339
61590 4339
61600 4339
61610 4339
61620 4339
61630 4339
61640 4339
61650 4340
61660 4340
61670 4340
61680 4341
61690 4341
61700 4341
61710 4342
61720 4342
61730 4342
61740 4342
61750 4343
61760 4343
61770 4344
61780 4345
61790 4346
61800 4347
61810 4347
61820 4347
61830 4347
61840 4348
61850 4348
61860 4348
61870 4348
61880 4348
61890 4348
61900 4348
61910 4348
61920 4348
61930 4349
61940 4350
61950 4350
61960 4350
61970 4350
61980 4350
61990 4350
62000 4352
62010 4355
62020 4355
62030 4355
62040 4356
62050 4356
62060 4356
62070 4357
62080 4357
62090 4357
62100 4359
62110 4359
62120 4360
62130 4362
62140 4362
62150 4363
62160 4364
62170 4365
62180 4365
62190 4365
62200 4365
62210 4367
62220 4368
62230 4369
62240 4370
62250 4370
62260 4371
62270 4371
62280 4371
62290 4371
62300 4371
62310 4373
62320 4373
62330 4374
62340 4374
62350 4374
62360 4374
62370 4375
62380 4377
62390 4377
62400 4377
62410 4377
62420 4377
62430 4377
62440 4377
62450 4377
62460 4377
62470 4378
62480 4378
62490 4380
62500 4381
62510 4383
62520 4383
62530 4383
62540 4383
62550 4383
62560 4383
62570 4383
62580 4383
62590 4384
62600 4384
62610 4384
62620 4384
62630 4384
62640 4385
62650 4385
62660 4385
62670 4385
62680 4385
62690 4385
62700 4385
62710 4385
62720 4385
62730 4385
62740 4385
62750 4385
62760 4385
62770 4385
62780 4385
62790 4385
62800 4386
62810 4386
62820 4386
62830 4386
62840 4387
62850 4388
62860 4389
62870 4389
62880 4389
62890 4389
62900 4390
62910 4390
62920 4391
62930 4391
62940 4391
62950 4391
62960 4391
62970 4392
62980 4394
62990 4394
63000 4394
63010 4394
63020 4394
63030 4394
63040 4395
63050 4395
63060 4395
63070 4395
63080 4395
63090 4395
63100 4395
63110 4395
63120 4395
63130 4395
63140 4395
63150 4395
63160 4395
63170 4395
63180 4395
63190 4395
63200 4395
63210 4395
63220 4395
63230 4395
63240 4395
63250 4395
63260 4395
63270 4395
63280 4395
63290 4395
63300 4396
63310 4396
63320 4396
63330 4396
63340 4396
63350 4397
63360 4397
63370 4397
63380 4398
63390 4398
63400 4398
63410 4398
63420 4398
63430 4398
63440 4398
63450 4398
63460 4398
63470 4398
63480 4398
63490 4398
63500 4398
63510 4398
63520 4398
63530 4398
63540 4398
63550 4398
63560 4398
63570 4398
63580 4398
63590 4398
63600 4398
63610 4398
63620 4398
63630 4398
63640 4398
63650 4398
63660 4398
63670 4398
63680 4399
63690 4399
63700 4399
63710 4399
63720 4399
63730 4399
63740 4399
63750 4399
63760 4399
63770 4399
63780 4399
63790 4399
63800 4399
63810 4399
63820 4399
63830 4399
63840 4399
63850 4399
63860 4399
63870 4399
63880 4399
63890 4399
63900 4402
63910 4402
63920 4402
63930 4402
63940 4402
63950 4403
63960 4403
63970 4403
63980 4403
63990 4403
64000 4405
64010 4405
64020 4405
64030 4405
64040 4405
64050 4405
64060 4405
64070 4405
64080 4405
64090 4405
64100 4405
64110 4405
64120 4405
64130 4405
64140 4405
64150 4405
64160 4405
64170 4405
64180 4405
64190 4405
64200 4405
64210 4406
64220 4407
64230 4407
64240 4408
64250 4408
64260 4408
64270 4408
64280 4408
64290 4409
64300 4409
64310 4409
64320 4409
64330 4409
64340 4412
64350 4412
64360 4412
64370 4412
64380 4412
64390 4412
64400 4413
64410 4413
64420 4413
64430 4414
64440 4415
64450 4415
64460 4415
64470 4415
64480 4415
64490 4416
64500 4416
64510 4416
64520 4416
64530 4416
64540 4416
64550 4416
64560 4416
64570 4416
64580 4416
64590 4416
64600 4416
64610 4416
64620 4416
64630 4416
64640 4416
64650 4416
64660 4416
64670 4416
64680 4416
64690 4416
64700 4417
64710 4417
64720 4418
64730 4418
64740 4418
64750 4419
64760 4419
64770 4419
64780 4419
64790 4419
64800 4420
64810 4420
64820 4420
64830 4420
64840 4420
64850 4420
64860 4420
64870 4420
64880 4421
64890 4421
64900 4421
64910 4421
64920 4421
64930 4421
64940 4421
64950 4421
64960 4421
64970 4421
64980 4422
64990 4423
65000 4424
65010 4424
65020 4426
65030 4426
65040 4427
65050 4427
65060 4427
65070 4427
65080 4427
65090 4427
65100 4427
65110 4427
65120 4427
65130 4427
65140 4428
65150 4429
65160 4429
65170 4429
65180 4429
65190 4429
65200 4429
65210 4429
65220 4429
65230 4429
65240 4429
65250 4429
65260 4429
65270 4429
65280 4429
65290 4429
65300 4429
65310 4429
65320 4429
65330 4430
65340 4430
65350 4430
65360 4430
65370 4431
65380 4431
65390 4431
65400 4431
65410 4431
65420 4431
65430 4431
65440 4431
65450 4431
65460 4431
65470 4431
65480 4431
65490 4431
65500 4432
65510 4432
65520 4432
65530 4432
65540 4432
65550 4432
65560 4432
65570 4432
65580 4432
65590 4432
65600 4432
65610 4432
65620 4432
65630 4432
65640 4433
65650 4433
65660 4433
65670 4433
65680 4435
65690 4435
65700 4435
65710 4435
65720 4435
65730 4435
65740 4436
65750 4436
65760 4436
65770 4436
65780 4436
65790 4436
65800 4436
65810 4436
65820 4436
65830 4436
65840 4436
65850 4436
65860 4436
65870 4436
65880 4436
65890 4436
65900 4436
65910 4436
65920 4436
65930 4436
65940 4436
65950 4436
65960 4436
65970 4436
65980 4436
65990 4436
66000 4436
66010 4436
66020 4436
66030 4437
66040 4437
66050 4437
66060 4438
66070 4438
66080 4439
66090 4441
66100 4441
66110 4441
66120 4441
66130 4442
66140 4442
66150 4442
66160 4444
66170 4446
66180 4450
66190 4450
66200 4450
66210 4450
66220 4450
66230 4450
66240 4450
66250 4452
66260 4452
66270 4452
66280 4452
66290 4452
66300 4452
66310 4452
66320 4452
66330 4453
66340 4453
66350 4453
66360 4453
66370 4453
66380 4453
66390 4453
66400 4453
66410 4453
66420 4453
66430 4453
66440 4454
66450 4454
66460 4454
66470 4454
66480 4454
66490 4454
66500 4454
66510 4454
66520 4454
66530 4455
66540 4455
66550 4456
66560 4456
66570 4456
66580 4456
66590 4457
66600 4457
66610 4457
66620 4457
66630 4457
66640 4457
66650 4457
66660 4457
66670 4458
66680 4458
66690 4458
66700 4458
66710 4459
66720 4460
66730 4460
66740 4461
66750 4461
66760 4461
66770 4461
66780 4461
66790 4461
66800 4462
66810 4462
66820 4463
66830 4463
66840 4463
66850 4463
66860 4463
66870 4463
66880 4464
66890 4464
66900 4464
66910 4464
66920 4464
66930 4464
66940 4464
66950 4465
66960 4466
66970 4466
66980 4466
66990 4469
67000 4470
67010 4472
67020 4472
67030 4475
67040 4476
67050 4482
67060 4485
67070 4487
67080 4487
67090 4487
67100 4488
67110 4490
67120 4493
67130 4495
67140 4496
67150 4497
67160 4498
67170 4498
67180 4498
67190 4499
67200 4500
67210 4502
67220 4506
67230 4507
67240 4512
67250 4514
67260 4515
67270 4515
67280 4515
67290 4515
67300 4516
67310 4516
67320 4516
67330 4516
67340 4516
67350 4516
67360 4516
67370 4516
67380 4517
67390 4517
67400 4517
67410 4518
67420 4518
67430 4518
67440 4518
67450 4518
67460 4519
67470 4519
67480 4520
67490 4520
67500 4520
67510 4520
67520 4520
67530 4520
67540 4521
67550 4521
67560 4522
67570 4522
67580 4523
67590 4523
67600 4523
67610 4523
67620 4524
67630 4524
67640 4524
67650 4524
67660 4525
67670 4525
67680 4525
67690 4525
67700 4525
67710 4525
67720 4525
67730 4525
67740 4525
67750 4527
67760 4527
67770 4527
67780 4528
67790 4528
67800 4528
67810 4528
67820 4529
67830 4532
67840 4532
67850 4532
67860 4533
67870 4535
67880 4537
67890 4537
67900 4538
67910 4538
67920 4538
67930 4539
67940 4540
67950 4540
67960 4541
67970 4542
67980 4543
67990 4543
68000 4543
68010 4543
68020 4544
68030 4545
68040 4548
68050 4549
68060 4549
68070 4549
68080 4550
68090 4550
68100 4551
68110 4552
68120 4552
68130 4552
68140 4553
68150 4553
68160 4553
68170 4553
68180 4553
68190 4553
68200 4554
68210 4555
68220 4556
68230 4556
68240 4556
68250 4556
68260 4556
68270 4556
68280 4556
68290 4556
68300 4556
68310 4556
68320 4556
68330 4556
68340 4556
68350 4556
68360 4556
68370 4557
68380 4557
68390 4557
68400 4558
68410 4558
68420 4558
68430 4559
68440 4559
68450 4559
68460 4560
68470 4560
68480 4560
68490 4560
68500 4560
68510 4560
68520 4561
68530 4561
68540 4562
68550 4562
68560 4563
68570 4563
68580 4563
68590 4565
68600 4565
68610 4565
68620 4565
68630 4565
68640 4565
68650 4565
68660 4565
68670 4565
68680 4566
68690 4566
68700 4566
68710 4567
68720 4568
68730 4569
68740 4569
68750 4569
68760 4570
68770 4571
68780 4571
68790 4573
68800 4573
68810 4574
68820 4574
68830 4574
68840 4574
68850 4574
68860 4574
68870 4574
68880 4574
68890 4574
68900 4574
68910 4575
68920 4575
68930 4576
68940 4576
68950 4576
68960 4576
68970 4577
68980 4577
68990 4579
69000 4580
69010 4580
69020 4581
69030 4581
69040 4581
69050 4582
69060 4582
69070 4582
69080 4583
69090 4584
69100 4584
69110 4584
69120 4584
69130 4584
69140 4584
69150 4584
69160 4586
69170 4586
69180 4586
69190 4587
69200 4587
69210 4588
69220 4588
69230 4588
69240 4588
69250 4589
69260 4590
69270 4590
69280 4590
69290 4590
69300 4590
69310 4590
69320 4591
69330 4591
69340 4591
69350 4592
69360 4592
69370 4592
69380 4592
69390 4592
69400 4592
69410 4592
69420 4592
69430 4592
69440 4592
69450 4592
69460 4593
69470 4593
69480 4594
69490 4595
69500 4595
69510 4595
69520 4595
69530 4595
69540 4595
69550 4596
69560 4597
69570 4597
69580 4598
69590 4598
69600 4599
69610 4599
69620 4599
69630 4599
69640 4600
69650 4600
69660 4601
69670 4603
69680 4603
69690 4603
69700 4603
69710 4603
69720 4603
69730 4603
69740 4603
69750 4603
69760 4604
69770 4604
69780 4604
69790 4604
69800 4605
69810 4606
69820 4606
69830 4606
69840 4607
69850 4608
69860 4609
69870 4609
69880 4611
69890 4612
69900 4612
69910 4612
69920 4612
69930 4612
69940 4612
69950 4612
69960 4612
69970 4614
69980 4615
69990 4615
70000 4615
70010 4615
70020 4615
70030 4615
70040 4616
70050 4616
70060 4616
70070 4617
70080 4618
70090 4620
70100 4621
70110 4623
70120 4623
70130 4623
70140 4623
70150 4624
70160 4626
70170 4626
70180 4626
70190 4626
70200 4626
70210 4626
70220 4626
70230 4626
70240 4626
70250 4629
70260 4629
70270 4629
70280 4629
70290 4629
70300 4629
70310 4629
70320 4629
70330 4629
70340 4629
70350 4629
70360 4629
70370 4629
70380 4629
70390 4629
70400 4629
70410 4629
70420 4629
70430 4630
70440 4630
70450 4630
70460 4631
70470 4631
70480 4631
70490 4631
70500 4631
70510 4631
70520 4631
70530 4632
70540 4633
70550 4635
70560 4637
70570 4638
70580 4638
70590 4638
70600 4638
70610 4638
70620 4642
70630 4643
70640 4643
70650 4643
70660 4644
70670 4644
70680 4645
70690 4645
70700 4645
70710 4645
70720 4645
70730 4645
70740 4645
70750 4645
70760 4646
70770 4647
70780 4647
70790 4647
70800 4647
70810 4647
70820 4647
70830 4647
70840 4647
70850 4647
70860 4648
70870 4649
70880 4649
70890 4649
70900 4649
70910 4649
70920 4649
70930 4649
70940 4649
70950 4649
70960 4649
70970 4649
70980 4649
70990 4649
71000 4649
71010 4649
71020 4649
71030 4649
71040 4649
71050 4649
71060 4649
71070 4649
71080 4649
71090 4649
71100 4650
71110 4650
71120 4650
71130 4651
71140 4651
71150 4651
71160 4651
71170 4651
71180 4651
71190 4652
71200 4652
71210 4652
71220 4652
71230 4652
71240 4652
71250 4652
71260 4652
71270 4652
71280 4653
71290 4653
71300 4654
71310 4654
71320 4655
71330 4655
71340 4656
71350 4657
71360 4657
71370 4657
71380 4657
71390 4658
71400 4658
71410 4658
71420 4658
71430 4658
71440 4658
71450 4658
71460 4658
71470 4658
71480 4658
71490 4658
71500 4658
71510 4659
71520 4659
71530 4659
71540 4660
71550 4660
71560 4660
71570 4660
71580 4660
71590 4660
71600 4660
71610 4660
71620 4661
71630 4661
71640 4661
71650 4661
71660 4662
71670 4662
71680 4663
71690 4663
71700 4664
71710 4664
71720 4664
71730 4665
71740 4665
71750 4665
71760 4666
71770 4666
71780 4666
71790 4666
71800 4666
71810 4667
71820 4667
71830 4667
71840 4667
71850 4667
71860 4667
71870 4667
71880 4667
71890 4667
71900 4667
71910 4667
71920 4667
71930 4667
71940 4667
71950 4669
71960 4669
71970 4669
71980 4670
71990 4670
72000 4670
72010 4670
72020 4670
72030 4670
72040 4670
72050 4670
72060 4670
72070 4670
72080 4670
72090 4670
72100 4671
72110 4671
72120 4671
72130 4672
72140 4673
72150 4673
72160 4673
72170 4673
72180 4673
72190 4673
72200 4673
72210 4673
72220 4675
72230 4675
72240 4675
72250 4675
72260 4676
72270 4676
72280 4676
72290 4676
72300 4676
72310 4677
72320 4677
72330 4677
72340 4677
72350 4677
72360 4678
72370 4679
72380 4680
72390 4680
72400 4680
72410 4681
72420 4681
72430 4681
72440 4681
72450 4681
72460 4681
72470 4681
72480 4682
72490 4683
72500 4684
72510 4684
72520 4685
72530 4685
72540 4685
72550 4685
72560 4685
72570 4686
72580 4687
72590 4688
72600 4688
72610 4690
72620 4690
72630 4690
72640 4690
72650 4690
72660 4690
72670 4690
72680 4690
72690 4690
72700 4690
72710 4690
72720 4690
72730 4690
72740 4690
72750 4691
72760 4691
72770 4693
72780 4694
72790 4694
72800 4694
72810 4694
72820 4694
72830 4694
72840 4694
72850 4694
72860 4694
72870 4694
72880 4695
72890 4695
72900 4695
72910 4695
72920 4695
72930 4695
72940 4695
72950 4695
72960 4695
72970 4696
72980 4697
72990 4697
73000 4697
73010 4697
73020 4697
73030 4697
73040 4697
73050 4697
73060 4699
73070 4699
73080 4699
73090 4699
73100 4700
73110 4700
73120 4700
73130 4701
73140 4702
73150 4703
73160 4704
73170 4705
73180 4706
73190 4706
73200 4706
73210 4706
73220 4706
73230 4707
73240 4707
73250 4708
73260 4708
73270 4708
73280 4709
73290 4709
73300 4710
73310 4710
73320 4711
73330 4711
73340 4711
73350 4714
73360 4714
73370 4714
73380 4714
73390 4714
73400 4714
73410 4714
73420 4715
73430 4715
73440 4715
73450 4715
73460 4715
73470 4715
73480 4715
73490 4715
73500 4715
73510 4715
73520 4715
73530 4716
73540 4716
73550 4716
73560 4716
73570 4717
73580 4717
73590 4717
73600 4718
73610 4718
73620 4719
73630 4719
73640 4719
73650 4719
73660 4720
73670 4720
73680 4720
73690 4720
73700 4720
73710 4720
73720 4720
73730 4722
73740 4722
73750 4723
73760 4723
73770 4723
73780 4724
73790 4724
73800 4724
73810 4725
73820 4726
73830 4726
73840 4726
73850 4726
73860 4726
73870 4727
73880 4727
73890 4727
73900 4727
73910 4727
73920 4727
73930 4727
73940 4727
73950 4727
73960 4728
73970 4728
73980 4728
73990 4729
74000 4729
74010 4729
74020 4729
74030 4730
74040 4730
74050 4730
74060 4730
74070 4730
74080 4730
74090 4730
74100 4731
74110 4731
74120 4731
74130 4731
74140 4731
74150 4731
74160 4731
74170 4731
74180 4731
74190 4731
74200 4731
74210 4731
74220 4731
74230 4731
74240 4731
74250 4731
74260 4732
74270 4732
74280 4733
74290 4734
74300 4734
74310 4734
74320 4734
74330 4734
74340 4734
74350 4734
74360 4734
74370 4735
74380 4736
74390 4736
74400 4736
74410 4736
74420 4736
74430 4736
74440 4736
74450 4737
74460 4737
74470 4737
74480 4737
74490 4737
74500 4738
74510 4738
74520 4738
74530 4738
74540 4739
74550 4739
74560 4740
74570 4740
74580 4740
74590 4740
74600 4740
74610 4740
74620 4741
74630 4741
74640 4741
74650 4741
74660 4741
74670 4742
74680 4742
74690 4742
74700 4742
74710 4743
74720 4743
74730 4743
74740 4745
74750 4745
74760 4745
74770 4746
74780 4746
74790 4746
74800 4746
74810 4746
74820 4746
74830 4747
74840 4747
74850 4747
74860 4747
74870 4748
74880 4749
74890 4749
74900 4749
74910 4749
74920 4750
74930 4750
74940 4750
74950 4750
74960 4750
74970 4750
74980 4750
74990 4750
75000 4750
75010 4750
75020 4750
75030 4750
75040 4750
75050 4750
75060 4752
75070 4752
75080 4753
75090 4753
75100 4753
75110 4753
75120 4753
75130 4753
75140 4754
75150 4754
75160 4754
75170 4754
75180 4754
75190 4754
75200 4754
75210 4754
75220 4755
75230 4755
75240 4755
75250 4756
75260 4756
75270 4756
75280 4756
75290 4757
75300 4757
75310 4757
75320 4757
75330 4757
75340 4757
75350 4757
75360 4757
75370 4757
75380 4757
75390 4757
75400 4757
75410 4757
75420 4757
75430 4757
75440 4757
75450 4758
75460 4758
75470 4758
75480 4758
75490 4758
75500 4758
75510 4758
75520 4758
75530 4758
75540 4758
75550 4758
75560 4758
75570 4758
75580 4759
75590 4761
75600 4763
75610 4763
75620 4763
75630 4763
75640 4763
75650 4763
75660 4763
75670 4763
75680 4763
75690 4763
75700 4763
75710 4763
75720 4763
75730 4763
75740 4763
75750 4763
75760 4763
75770 4764
75780 4764
75790 4764
75800 4764
75810 4764
75820 4765
75830 4765
75840 4765
75850 4765
75860 4766
75870 4766
75880 4767
75890 4768
75900 4768
75910 4769
75920 4769
75930 4770
75940 4770
75950 4770
75960 4770
75970 4770
75980 4771
75990 4771
76000 4771
76010 4771
76020 4771
76030 4773
76040 4773
76050 4773
76060 4773
76070 4773
76080 4773
76090 4773
76100 4773
76110 4773
76120 4773
76130 4773
76140 4773
76150 4773
76160 4774
76170 4774
76180 4774
76190 4774
76200 4774
76210 4775
76220 4775
76230 4776
76240 4776
76250 4776
76260 4776
76270 4776
76280 4778
76290 4779
76300 4779
76310 4780
76320 4781
76330 4781
76340 4781
76350 4781
76360 4781
76370 4783
76380 4783
76390 4783
76400 4785
76410 4785
76420 4786
76430 4786
76440 4786
76450 4786
76460 4786
76470 4786
76480 4787
76490 4787
76500 4789
76510 4789
76520 4789
76530 4789
76540 4789
76550 4789
76560 4790
76570 4790
76580 4791
76590 4793
76600 4793
76610 4793
76620 4793
76630 4795
76640 4796
76650 4798
76660 4799
76670 4800
76680 4800
76690 4801
76700 4801
76710 4802
76720 4803
76730 4803
76740 4803
76750 4804
76760 4804
76770 4804
76780 4804
76790 4805
76800 4805
76810 4805
76820 4805
76830 4805
76840 4805
76850 4805
76860 4805
76870 4805
76880 4805
76890 4805
76900 4805
76910 4806
76920 4806
76930 4807
76940 4807
76950 4807
76960 4809
76970 4809
76980 4809
76990 4810
77000 4811
77010 4812
77020 4812
77030 4812
77040 4812
77050 4812
77060 4812
77070 4812
77080 4812
77090 4812
77100 4812
77110 4812
77120 4813
77130 4813
77140 4813
77150 4813
77160 4813
77170 4813
77180 4815
77190 4815
77200 4815
77210 4815
77220 4815
77230 4815
77240 4816
77250 4817
77260 4817
77270 4817
77280 4817
77290 4817
77300 4818
77310 4818
77320 4818
77330 4818
77340 4818
77350 4818
77360 4818
77370 4818
77380 4818
77390 4819
77400 4819
77410 4819
77420 4819
77430 4819
77440 4819
77450 4820
77460 4821
77470 4822
77480 4822
77490 4822
77500 4822
77510 4823
77520 4823
77530 4824
77540 4825
77550 4825
77560 4826
77570 4826
77580 4826
77590 4826
77600 4826
77610 4826
77620 4827
77630 4827
77640 4827
77650 4827
77660 4827
77670 4827
77680 4828
77690 4828
77700 4830
77710 4831
77720 4832
77730 4832
77740 4834
77750 4835
77760 4835
77770 4835
77780 4835
77790 4836
77800 4836
77810 4837
77820 4838
77830 4838
77840 4838
77850 4838
77860 4839
77870 4839
77880 4839
77890 4840
77900 4841
77910 4841
77920 4842
77930 4843
77940 4843
77950 4843
77960 4843
77970 4844
77980 4845
77990 4845
78000 4845
78010 4846
78020 4846
78030 4847
78040 4847
78050 4848
78060 4848
78070 4848
78080 4849
78090 4849
78100 4849
78110 4849
78120 4849
78130 4849
78140 4849
78150 4849
78160 4849
78170 4849
78180 4849
78190 4849
78200 4850
78210 4850
78220 4850
78230 4850
78240 4850
78250 4850
78260 4851
78270 4851
78280 4852
78290 4853
78300 4854
78310 4854
78320 4854
78330 4854
78340 4855
78350 4857
78360 4857
78370 4858
78380 4859
78390 4859
78400 4859
78410 4860
78420 4860
78430 4860
78440 4860
78450 4860
78460 4860
78470 4861
78480 4861
78490 4861
78500 4862
78510 4862
78520 4862
78530 4862
78540 4863
78550 4863
78560 4864
78570 4865
78580 4865
78590 4865
78600 4865
78610 4865
78620 4865
78630 4865
78640 4865
78650 4866
78660 4867
78670 4867
78680 4868
78690 4868
78700 4868
78710 4868
78720 4868
78730 4869
78740 4869
78750 4869
78760 4870
78770 4871
78780 4872
78790 4872
78800 4872
78810 4872
78820 4872
78830 4872
78840 4872
78850 4872
78860 4873
78870 4873
78880 4874
78890 4874
78900 4874
78910 4874
78920 4875
78930 4875
78940 4875
78950 4875
78960 4875
78970 4875
78980 4875
78990 4875
79000 4875
79010 4875
79020 4875
79030 4875
79040 4875
79050 4876
79060 4877
79070 4877
79080 4877
79090 4877
79100 4877
79110 4877
79120 4877
79130 4879
79140 4879
79150 4879
79160 4879
79170 4880
79180 4880
79190 4880
79200 4880
79210 4880
79220 4880
79230 4880
79240 4880
79250 4882
79260 4882
79270 4882
79280 4883
79290 4883
79300 4883
79310 4884
79320 4884
79330 4884
79340 4884
79350 4884
79360 4884
79370 4885
79380 4885
79390 4885
79400 4885
79410 4885
79420 4885
79430 4886
79440 4886
79450 4887
79460 4887
79470 4887
79480 4887
79490 4888
79500 4888
79510 4889
79520 4889
79530 4890
79540 4890
79550 4890
79560 4890
79570 4891
79580 4891
79590 4891
79600 4891
79610 4892
79620 4892
79630 4892
79640 4893
79650 4894
79660 4894
79670 4896
79680 4896
79690 4896
79700 4896
79710 4897
79720 4898
79730 4898
79740 4899
79750 4900
79760 4900
79770 4900
79780 4900
79790 4900
79800 4900
79810 4900
79820 4900
79830 4900
79840 4902
79850 4902
79860 4902
79870 4902
79880 4902
79890 4902
79900 4902
79910 4902
79920 4902
79930 4902
79940 4902
79950 4902
79960 4902
79970 4902
79980 4902
79990 4902
80000 4902
80010 4902
80020 4903
80030 4903
80040 4904
80050 4905
80060 4905
80070 4905
80080 4905
80090 4905
80100 4905
80110 4907
80120 4908
80130 4908
80140 4908
80150 4908
80160 4908
80170 4908
80180 4909
80190 4909
80200 4910
80210 4910
80220 4910
80230 4910
80240 4910
80250 4910
80260 4910
80270 4910
80280 4910
80290 4910
80300 4910
80310 4910
80320 4911
80330 4911
80340 4911
80350 4913
80360 4913
80370 4913
80380 4913
80390 4913
80400 4913
80410 4913
80420 4913
80430 4913
80440 4914
80450 4914
80460 4914
80470 4914
80480 4914
80490 4914
80500 4916
80510 4916
80520 4917
80530 4917
80540 4917
80550 4917
80560 4917
80570 4917
80580 4917
80590 4917
80600 4917
80610 4917
80620 4917
80630 4918
80640 4919
80650 4920
80660 4920
80670 4920
80680 4920
80690 4920
80700 4920
80710 4922
80720 4923
80730 4923
80740 4923
80750 4923
80760 4924
80770 4924
80780 4924
80790 4925
80800 4925
80810 4926
80820 4926
80830 4927
80840 4928
80850 4928
80860 4928
80870 4928
80880 4929
80890 4929
80900 4929
80910 4929
80920 4929
80930 4929
80940 4929
80950 4929
80960 4930
80970 4930
80980 4930
80990 4930
81000 4930
81010 4930
81020 4930
81030 4930
81040 4930
81050 4930
81060 4930
81070 4930
81080 4931
81090 4932
81100 4932
81110 4932
81120 4933
81130 4934
81140 4934
81150 4934
81160 4934
81170 4934
81180 4936
81190 4936
81200 4936
81210 4936
81220 4936
81230 4936
81240 4936
81250 4936
81260 4936
81270 4936
81280 4936
81290 4936
81300 4937
81310 4937
81320 4937
81330 4937
81340 4937
81350 4937
81360 4937
81370 4937
81380 4937
81390 4937
81400 4937
81410 4937
81420 4937
81430 4937
81440 4937
81450 4937
81460 4938
81470 4938
81480 4938
81490 4938
81500 4938
81510 4938
81520 4938
81530 4938
81540 4938
81550 4938
81560 4938
81570 4938
81580 4938
81590 4938
81600 4940
81610 4941
81620 4942
81630 4942
81640 4943
81650 4943
81660 4943
81670 4943
81680 4943
81690 4944
81700 4944
81710 4945
81720 4945
81730 4946
81740 4947
81750 4947
81760 4947
81770 4947
81780 4947
81790 4947
81800 4947
81810 4947
81820 4947
81830 4947
81840 4947
81850 4947
81860 4947
81870 4947
81880 4947
81890 4947
81900 4947
81910 4947
81920 4948
81930 4949
81940 4949
81950 4949
81960 4949
81970 4949
81980 4949
81990 4949
82000 4949
82010 4950
82020 4951
82030 4952
82040 4952
82050 4952
82060 4952
82070 4952
82080 4952
82090 4952
82100 4952
82110 4952
82120 4952
82130 4953
82140 4953
82150 4953
82160 4953
82170 4953
82180 4953
82190 4953
82200 4953
82210 4953
82220 4953
82230 4953
82240 4953
82250 4954
82260 4955
82270 4955
82280 4956
82290 4956
82300 4956
82310 4956
82320 4957
82330 4957
82340 4957
82350 4957
82360 4958
82370 4958
82380 4959
82390 4959
82400 4959
82410 4960
82420 4960
82430 4960
82440 4960
82450 4961
82460 4961
82470 4961
82480 4961
82490 4961
82500 4961
82510 4961
82520 4962
82530 4962
82540 4962
82550 4962
82560 4962
82570 4963
82580 4963
82590 4963
82600 4963
82610 4964
82620 4964
82630 4964
82640 4964
82650 4966
82660 4966
82670 4966
82680 4967
82690 4967
82700 4967
82710 4967
82720 4967
82730 4967
82740 4967
82750 4967
82760 4967
82770 4967
82780 4967
82790 4967
82800 4968
82810 4969
82820 4970
82830 4970
82840 4972
82850 4972
82860 4972
82870 4972
82880 4972
82890 4972
82900 4972
82910 4972
82920 4972
82930 4972
82940 4973
82950 4974
82960 4974
82970 4974
82980 4975
82990 4975
83000 4975
83010 4975
83020 4975
83030 4975
83040 4975
83050 4976
83060 4976
83070 4976
83080 4976
83090 4976
83100 4976
83110 4976
83120 4976
83130 4977
83140 4977
83150 4978
83160 4978
83170 4979
83180 4979
83190 4979
83200 4979
83210 4980
83220 4980
83230 4980
83240 4980
83250 4980
83260 4980
83270 4980
83280 4980
83290 4980
83300 4980
83310 4980
83320 4980
83330 4980
83340 4980
83350 4980
83360 4980
83370 4980
83380 4981
83390 4981
83400 4981
83410 4981
83420 4981
83430 4982
83440 4982
83450 4983
83460 4984
83470 4984
83480 4984
83490 4985
83500 4985
83510 4985
83520 4985
83530 4985
83540 4986
83550 4986
83560 4986
83570 4986
83580 4986
83590 4986
83600 4987
83610 4987
83620 4987
83630 4987
83640 4987
83650 4987
83660 4987
83670 4987
83680 4988
83690 4988
83700 4988
83710 4988
83720 4989
83730 4991
83740 4991
83750 4991
83760 4992
83770 4992
83780 4995
83790 4995
83800 4995
83810 4995
83820 4996
83830 4996
83840 4998
83850 4998
83860 4998
83870 4998
83880 4998
83890 4998
83900 4998
83910 4998
83920 4998
83930 4999
83940 4999
83950 4999
83960 4999
83970 4999
83980 4999
83990 4999
84000 4999
84010 5000
84020 5000
84030 5000
84040 5001
84050 5002
84060 5002
84070 5002
84080 5003
84090 5004
84100 5004
84110 5005
84120 5005
84130 5005
84140 5005
84150 5005
84160 5005
84170 5005
84180 5005
84190 5005
84200 5005
84210 5005
84220 5005
84230 5006
84240 5006
84250 5006
84260 5006
84270 5006
84280 5007
84290 5007
84300 5008
84310 5009
84320 5010
84330 5011
84340 5011
84350 5011
84360 5011
84370 5013
84380 5013
84390 5013
84400 5014
84410 5015
84420 5015
84430 5015
84440 5015
84450 5015
84460 5015
84470 5015
84480 5015
84490 5015
84500 5015
84510 5015
84520 5015
84530 5016
84540 5016
84550 5018
84560 5018
84570 5018
84580 5018
84590 5018
84600 5018
84610 5018
84620 5019
84630 5019
84640 5020
84650 5020
84660 5020
84670 5020
84680 5020
84690 5020
84700 5020
84710 5021
84720 5022
84730 5022
84740 5022
84750 5022
84760 5022
84770 5023
84780 5023
84790 5023
84800 5023
84810 5023
84820 5024
84830 5024
84840 5024
84850 5024
84860 5025
84870 5025
84880 5025
84890 5027
84900 5028
84910 5028
84920 5028
84930 5028
84940 5028
84950 5028
84960 5029
84970 5030
84980 5030
84990 5030
85000 5030
85010 5030
85020 5030
85030 5030
85040 5030
85050 5030
85051 5030